date,open,high,low,close,adj_close,volume,dividends,stock_splits,ticker,ret_1d,nrc_anger,nrc_anticipation,nrc_disgust,nrc_fear,nrc_joy,nrc_sadness,nrc_surprise,nrc_trust,nrc_positive,nrc_negative,nrc_net_sentiment,hf_neutral_score,hf_negative_score,hf_very_negative_score,hf_very_positive_score,hf_positive_score,fb_negative_score,fb_neutral_score,fb_positive_score,fb_net_sentiment,n_posts,nrc_anger_lag1,nrc_anticipation_lag1,nrc_disgust_lag1,nrc_fear_lag1,nrc_joy_lag1,nrc_sadness_lag1,nrc_surprise_lag1,nrc_trust_lag1,nrc_positive_lag1,nrc_negative_lag1,nrc_net_sentiment_lag1,hf_neutral_score_lag1,hf_negative_score_lag1,hf_very_negative_score_lag1,hf_very_positive_score_lag1,hf_positive_score_lag1,fb_negative_score_lag1,fb_neutral_score_lag1,fb_positive_score_lag1,fb_net_sentiment_lag1,n_posts_lag1,soxx_ret_1d,spy_ret_1d,vix_ret_1d
2023-01-04,14.56700038909912,14.852999687194824,14.241000175476074,14.74899959564209,14.733453750610352,431324000.0,,,NVDA,0.0303180337430801,0.0666666666666666,0.2,0.0888888888888888,0.2222222222222222,0.0222222222222222,0.2,0.0888888888888888,0.2666666666666666,0.4666666666666667,0.4444444444444444,0.0222222222222222,0.76472,0.0888999999999999,0.0204244444444444,0.0437355555555555,0.0822288888888888,0.1585844444444444,0.7554888888888889,0.0859311111111111,-0.0726533333333333,45.0,0.1162790697674418,0.2558139534883721,0.1162790697674418,0.1627906976744186,0.1395348837209302,0.1395348837209302,0.1627906976744186,0.4418604651162791,0.4418604651162791,0.5116279069767442,-0.0697674418604651,0.5840302325581395,0.1897279069767442,0.0327255813953488,0.0600418604651162,0.133460465116279,0.113253488372093,0.703186046511628,0.1835627906976744,0.0703093023255814,43.0,0.0257407810689445,0.0077200921766618,-0.0388646028154632
2023-01-05,14.491000175476074,14.564000129699709,14.14799976348877,14.265000343322754,14.249963760375977,389168000.0,,,NVDA,-0.032815794478219,0.125,0.375,0.0833333333333333,0.1666666666666666,0.1041666666666666,0.1666666666666666,0.0416666666666666,0.2083333333333333,0.5625,0.3125,0.25,0.6804541666666667,0.1722854166666666,0.0411125,0.0287541666666666,0.0774041666666666,0.1596979166666666,0.7408083333333333,0.0994979166666666,-0.0602,48.0,0.0666666666666666,0.2,0.0888888888888888,0.2222222222222222,0.0222222222222222,0.2,0.0888888888888888,0.2666666666666666,0.4666666666666667,0.4444444444444444,0.0222222222222222,0.76472,0.0888999999999999,0.0204244444444444,0.0437355555555555,0.0822288888888888,0.1585844444444444,0.7554888888888889,0.0859311111111111,-0.0726533333333333,45.0,-0.0168617633944357,-0.01141324031106,0.0204451999505355
2023-01-06,14.473999977111816,15.010000228881836,14.034000396728516,14.859000205993652,14.84333610534668,405044000.0,,,NVDA,0.0416402704560314,0.1555555555555555,0.2,0.0666666666666666,0.1777777777777777,0.0222222222222222,0.0666666666666666,0.1111111111111111,0.2444444444444444,0.4888888888888889,0.2222222222222222,0.2666666666666666,0.6775644444444444,0.1803511111111111,0.0422377777777777,0.0333333333333333,0.0665177777777777,0.1366355555555555,0.7562733333333334,0.1070911111111111,-0.0295444444444444,45.0,0.125,0.375,0.0833333333333333,0.1666666666666666,0.1041666666666666,0.1666666666666666,0.0416666666666666,0.2083333333333333,0.5625,0.3125,0.25,0.6804541666666667,0.1722854166666666,0.0411125,0.0287541666666666,0.0774041666666666,0.1596979166666666,0.7408083333333333,0.0994979166666666,-0.0602,48.0,0.0465323088258058,0.0229320088438405,-0.0592163837008136
2023-01-09,15.284000396728516,16.055999755859375,15.140999794006348,15.628000259399414,15.611527442932127,504231000.0,,,NVDA,0.0517532805383784,0.0390625,0.2421875,0.0625,0.0859375,0.078125,0.0703125,0.078125,0.2109375,0.4921875,0.2578125,0.234375,0.6506875,0.17148359375,0.03517734375,0.038753125,0.1039046875,0.1092890625,0.78975,0.10096328125,-0.00832578125,128.0,0.1555555555555555,0.2,0.0666666666666666,0.1777777777777777,0.0222222222222222,0.0666666666666666,0.1111111111111111,0.2444444444444444,0.4888888888888889,0.2222222222222222,0.2666666666666666,0.6775644444444444,0.1803511111111111,0.0422377777777777,0.0333333333333333,0.0665177777777777,0.1366355555555555,0.7562733333333334,0.1070911111111111,-0.0295444444444444,45.0,0.0184230412674319,-0.0005670698525388,0.0397539132016422
2023-01-10,15.506999969482422,15.961999893188477,15.472000122070312,15.909000396728516,15.892230987548828,384101000.0,,,NVDA,0.0179805304537183,0.0727272727272727,0.1636363636363636,0.0363636363636363,0.0909090909090909,0.0727272727272727,0.0909090909090909,0.0545454545454545,0.2181818181818181,0.4181818181818181,0.2545454545454545,0.1636363636363636,0.5644145454545455,0.2026854545454545,0.0372545454545454,0.0521290909090909,0.1435181818181818,0.1327618181818181,0.7202090909090909,0.1470218181818181,0.0142599999999999,55.0,0.0390625,0.2421875,0.0625,0.0859375,0.078125,0.0703125,0.078125,0.2109375,0.4921875,0.2578125,0.234375,0.6506875,0.17148359375,0.03517734375,0.038753125,0.1039046875,0.1092890625,0.78975,0.10096328125,-0.00832578125,128.0,0.0129330772666143,0.007013150632088,-0.0632680670501215
2023-01-11,15.84000015258789,16.027999877929688,15.562999725341797,16.000999450683594,15.984131813049316,353285000.0,,,NVDA,0.0057827516836679,0.1666666666666666,0.3518518518518518,0.1481481481481481,0.0925925925925925,0.0925925925925925,0.1296296296296296,0.0555555555555555,0.2037037037037037,0.3148148148148148,0.2962962962962963,0.0185185185185185,0.6308351851851852,0.1905037037037037,0.0725907407407407,0.025087037037037,0.080974074074074,0.1420592592592592,0.764375925925926,0.0935611111111111,-0.0484981481481481,54.0,0.0727272727272727,0.1636363636363636,0.0363636363636363,0.0909090909090909,0.0727272727272727,0.0909090909090909,0.0545454545454545,0.2181818181818181,0.4181818181818181,0.2545454545454545,0.1636363636363636,0.5644145454545455,0.2026854545454545,0.0372545454545454,0.0521290909090909,0.1435181818181818,0.1327618181818181,0.7202090909090909,0.1470218181818181,0.0142599999999999,55.0,0.0129012789805875,0.0126476941745199,0.0247813523213071
2023-01-12,16.100000381469727,16.636999130249023,15.491999626159668,16.51099967956543,16.493593215942383,551409000.0,,,NVDA,0.0318729480494615,0.025,0.15,0.05,0.05,0.075,0.125,0.1,0.25,0.5,0.175,0.325,0.601485,0.2616725,0.0353025,0.0269799999999999,0.0745625,0.1590349999999999,0.767075,0.0738925,-0.0851425,40.0,0.1666666666666666,0.3518518518518518,0.1481481481481481,0.0925925925925925,0.0925925925925925,0.1296296296296296,0.0555555555555555,0.2037037037037037,0.3148148148148148,0.2962962962962963,0.0185185185185185,0.6308351851851852,0.1905037037037037,0.0725907407407407,0.025087037037037,0.080974074074074,0.1420592592592592,0.764375925925926,0.0935611111111111,-0.0484981481481481,54.0,0.0121578352662121,0.0036409659984948,-0.1071598014476314
2023-01-13,16.277999877929688,16.922000885009766,16.165000915527344,16.89900016784668,16.881183624267578,447287000.0,,,NVDA,0.0234994523783063,0.0909090909090909,0.3409090909090909,0.0227272727272727,0.2045454545454545,0.1136363636363636,0.2272727272727272,0.1136363636363636,0.2954545454545454,0.5,0.3409090909090909,0.1590909090909091,0.6104545454545455,0.2318113636363636,0.0355931818181818,0.0451613636363636,0.0769772727272727,0.2329727272727272,0.68645,0.0805795454545454,-0.1523931818181818,44.0,0.025,0.15,0.05,0.05,0.075,0.125,0.1,0.25,0.5,0.175,0.325,0.601485,0.2616725,0.0353025,0.0269799999999999,0.0745625,0.1590349999999999,0.767075,0.0738925,-0.0851425,40.0,0.0041339228988201,0.0038794879133694,-0.025491213180093
2023-01-17,16.89900016784668,17.72800064086914,16.89900016784668,17.70199966430664,17.683340072631836,511102000.0,,,NVDA,0.0475177846659469,0.0925925925925925,0.4444444444444444,0.0925925925925925,0.2222222222222222,0.1296296296296296,0.2222222222222222,0.1296296296296296,0.2407407407407407,0.5740740740740741,0.3703703703703703,0.2037037037037037,0.6060592592592593,0.200387037037037,0.0365407407407407,0.0459611111111111,0.1110462962962963,0.1480259259259259,0.7284796296296295,0.1234814814814814,-0.0245444444444444,54.0,0.0909090909090909,0.3409090909090909,0.0227272727272727,0.2045454545454545,0.1136363636363636,0.2272727272727272,0.1136363636363636,0.2954545454545454,0.5,0.3409090909090909,0.1590909090909091,0.6104545454545455,0.2318113636363636,0.0355931818181818,0.0451613636363636,0.0769772727272727,0.2329727272727272,0.68645,0.0805795454545454,-0.1523931818181818,44.0,0.0011393144155333,-0.0018319128127091,0.0550408832635098
2023-01-18,17.66699981689453,17.87299919128418,17.281999588012695,17.37700080871582,17.358684539794922,439624000.0,,,NVDA,-0.0183594010805332,0.0,0.2083333333333333,0.0416666666666666,0.0,0.0416666666666666,0.0,0.0416666666666666,0.125,0.2916666666666667,0.0416666666666666,0.25,0.7264541666666666,0.1585041666666666,0.0210624999999999,0.0298916666666666,0.0640833333333333,0.0667291666666666,0.8242208333333334,0.1090666666666666,0.0423375,24.0,0.0925925925925925,0.4444444444444444,0.0925925925925925,0.2222222222222222,0.1296296296296296,0.2222222222222222,0.1296296296296296,0.2407407407407407,0.5740740740740741,0.3703703703703703,0.2037037037037037,0.6060592592592593,0.200387037037037,0.0365407407407407,0.0459611111111111,0.1110462962962963,0.1480259259259259,0.7284796296296295,0.1234814814814814,-0.0245444444444444,54.0,-0.0052502366805677,-0.0157880697689364,0.0506198094700645
2023-01-19,17.035999298095703,17.19700050354004,16.731000900268555,16.764999389648438,16.747325897216797,452932000.0,,,NVDA,-0.0352191804152314,0.0833333333333333,0.1666666666666666,0.0,0.1666666666666666,0.0833333333333333,0.0833333333333333,0.0,0.25,0.3333333333333333,0.25,0.0833333333333333,0.8115583333333333,0.0656083333333333,0.022525,0.0668083333333333,0.0335,0.0948499999999999,0.8118833333333333,0.0932583333333333,-0.0015916666666666,12.0,0.0,0.2083333333333333,0.0416666666666666,0.0,0.0416666666666666,0.0,0.0416666666666666,0.125,0.2916666666666667,0.0416666666666666,0.25,0.7264541666666666,0.1585041666666666,0.0210624999999999,0.0298916666666666,0.0640833333333333,0.0667291666666666,0.8242208333333334,0.1090666666666666,0.0423375,24.0,-0.0280534775449986,-0.0072798862435951,0.0088495724594612
2023-01-20,17.01099967956543,17.856000900268555,16.825000762939453,17.839000701904297,17.82019805908203,564967000.0,,,NVDA,0.0640622967779909,0.1666666666666666,0.3888888888888889,0.0555555555555555,0.1111111111111111,0.1666666666666666,0.0555555555555555,0.1111111111111111,0.3888888888888889,0.5555555555555556,0.3888888888888889,0.1666666666666666,0.7206555555555556,0.1462277777777777,0.0413111111111111,0.0363111111111111,0.0554888888888888,0.0841666666666666,0.8031,0.1127333333333333,0.0285666666666666,18.0,0.0833333333333333,0.1666666666666666,0.0,0.1666666666666666,0.0833333333333333,0.0833333333333333,0.0,0.25,0.3333333333333333,0.25,0.0833333333333333,0.8115583333333333,0.0656083333333333,0.022525,0.0668083333333333,0.0335,0.0948499999999999,0.8118833333333333,0.0932583333333333,-0.0015916666666666,12.0,0.0312976249096974,0.0186291654960177,-0.0326510751143991
2023-01-23,18.06399917602539,19.2450008392334,17.81800079345703,19.19300079345703,19.17276763916016,655163000.0,,,NVDA,0.0759009285751901,0.0666666666666666,0.2,0.0666666666666666,0.1,0.0666666666666666,0.0666666666666666,0.0333333333333333,0.1333333333333333,0.3333333333333333,0.1,0.2333333333333333,0.6488499999999999,0.2004266666666666,0.0485333333333333,0.0257233333333333,0.0764766666666666,0.1018233333333333,0.7578266666666666,0.1403599999999999,0.0385366666666666,30.0,0.1666666666666666,0.3888888888888889,0.0555555555555555,0.1111111111111111,0.1666666666666666,0.0555555555555555,0.1111111111111111,0.3888888888888889,0.5555555555555556,0.3888888888888889,0.1666666666666666,0.7206555555555556,0.1462277777777777,0.0413111111111111,0.0363111111111111,0.0554888888888888,0.0841666666666666,0.8031,0.1127333333333333,0.0285666666666666,18.0,0.050216299106667,0.0119985419468902,-0.0020151594336836
2023-01-24,18.82699966430664,19.4950008392334,18.81999969482422,19.26499938964844,19.24468994140625,496204000.0,,,NVDA,0.0037512738692555,0.0,0.0625,0.0,0.0625,0.0625,0.0625,0.0,0.25,0.375,0.0625,0.3125,0.69375,0.10644375,0.02154375,0.04320625,0.1350625,0.0298,0.8985562500000001,0.07165625,0.04185625,16.0,0.0666666666666666,0.2,0.0666666666666666,0.1,0.0666666666666666,0.0666666666666666,0.0333333333333333,0.1333333333333333,0.3333333333333333,0.1,0.2333333333333333,0.6488499999999999,0.2004266666666666,0.0485333333333333,0.0257233333333333,0.0764766666666666,0.1018233333333333,0.7578266666666666,0.1403599999999999,0.0385366666666666,30.0,-0.0075576679401075,-0.0010731847476498,-0.0307924643840423
2023-02-01,19.69099998474121,21.191999435424805,19.61100006103516,20.94300079345703,20.920923233032227,660477000.0,,,NVDA,0.0719658169943389,0.1935483870967742,0.3387096774193548,0.0967741935483871,0.1774193548387097,0.1935483870967742,0.1451612903225806,0.0967741935483871,0.4193548387096774,0.9032258064516128,0.3709677419354839,0.532258064516129,0.7598338709677419,0.1309145161290322,0.0267806451612903,0.0289209677419354,0.053558064516129,0.0950112903225806,0.8075774193548387,0.0974129032258064,0.0024016129032258,62.0,0.2,0.2,0.0,0.0,0.0,0.0,0.0,0.4,0.0,0.4,-0.4,0.9033,0.0436,0.01584,0.01808,0.0192199999999999,0.1763199999999999,0.7844599999999999,0.03926,-0.13706,5.0,0.0521450021375327,0.010627595205165,-0.0788659180093729
2023-02-02,21.0,21.948999404907227,20.700000762939453,21.708999633789062,21.68611717224121,564276000.0,,,NVDA,0.0365755340089777,0.2666666666666666,0.3333333333333333,0.1,0.1333333333333333,0.1666666666666666,0.2,0.1666666666666666,0.4,0.4333333333333333,0.3333333333333333,0.1,0.6881666666666667,0.12817,0.0549633333333333,0.0298733333333333,0.0988233333333333,0.16981,0.7748233333333334,0.0553733333333333,-0.1144366666666666,30.0,0.1935483870967742,0.3387096774193548,0.0967741935483871,0.1774193548387097,0.1935483870967742,0.1451612903225806,0.0967741935483871,0.4193548387096774,0.9032258064516128,0.3709677419354839,0.532258064516129,0.7598338709677419,0.1309145161290322,0.0267806451612903,0.0289209677419354,0.053558064516129,0.0950112903225806,0.8075774193548387,0.0974129032258064,0.0024016129032258,62.0,0.0231676865277936,0.0145570815504523,0.048125274908483
2023-02-03,21.0,21.7450008392334,20.78899955749512,21.100000381469727,21.0777587890625,429366000.0,,,NVDA,-0.0280528957003619,0.0612244897959183,0.2244897959183673,0.0612244897959183,0.1020408163265306,0.0204081632653061,0.0612244897959183,0.1020408163265306,0.1428571428571428,0.4081632653061224,0.2040816326530612,0.2040816326530612,0.658669387755102,0.1915408163265306,0.0303734693877551,0.0277510204081632,0.0916816326530612,0.0916999999999999,0.8260326530612245,0.0822795918367347,-0.0094204081632653,49.0,0.2666666666666666,0.3333333333333333,0.1,0.1333333333333333,0.1666666666666666,0.2,0.1666666666666666,0.4,0.4333333333333333,0.3333333333333333,0.1,0.6881666666666667,0.12817,0.0549633333333333,0.0298733333333333,0.0988233333333333,0.16981,0.7748233333333334,0.0553733333333333,-0.1144366666666666,30.0,-0.0195133759349083,-0.0106293076873018,-0.0213560933425689
2023-02-06,20.80599975585937,21.56999969482422,20.785999298095703,21.089000701904297,21.066774368286133,452197000.0,,,NVDA,-0.0005211379865522,0.1372549019607843,0.196078431372549,0.0784313725490196,0.2352941176470588,0.1176470588235294,0.2254901960784313,0.1078431372549019,0.3431372549019608,0.5098039215686274,0.4215686274509804,0.088235294117647,0.6791921568627451,0.1710274509803921,0.0340411764705882,0.0335686274509803,0.0821686274509803,0.1328725490196078,0.7708274509803921,0.0962990196078431,-0.0365735294117647,102.0,0.0612244897959183,0.2244897959183673,0.0612244897959183,0.1020408163265306,0.0204081632653061,0.0612244897959183,0.1020408163265306,0.1428571428571428,0.4081632653061224,0.2040816326530612,0.2040816326530612,0.658669387755102,0.1915408163265306,0.0303734693877551,0.0277510204081632,0.0916816326530612,0.0916999999999999,0.8260326530612245,0.0822795918367347,-0.0094204081632653,49.0,-0.016241021442965,-0.0061111870258385,0.0600109321357444
2023-02-07,21.381999969482425,22.25900077819824,21.14999961853028,22.17300033569336,22.14962577819824,664150000.0,,,NVDA,0.0514009117381646,0.1071428571428571,0.375,0.0357142857142857,0.1428571428571428,0.1607142857142857,0.1071428571428571,0.1964285714285714,0.2321428571428571,0.4285714285714285,0.3035714285714285,0.125,0.6136517857142857,0.2209125,0.0421428571428571,0.0449017857142857,0.0783874999999999,0.1332910714285714,0.8053821428571428,0.0613267857142857,-0.0719642857142857,56.0,0.1372549019607843,0.196078431372549,0.0784313725490196,0.2352941176470588,0.1176470588235294,0.2254901960784313,0.1078431372549019,0.3431372549019608,0.5098039215686274,0.4215686274509804,0.088235294117647,0.6791921568627451,0.1710274509803921,0.0340411764705882,0.0335686274509803,0.0821686274509803,0.1328725490196078,0.7708274509803921,0.0962990196078431,-0.0365735294117647,102.0,0.0318012772021967,0.0130785598320828,-0.0396294619490334
2023-02-08,22.386999130249023,22.87800025939941,22.007999420166016,22.20499992370605,22.18159294128418,559651000.0,,,NVDA,0.001443237163736,0.0769230769230769,0.3974358974358974,0.1282051282051282,0.2179487179487179,0.0897435897435897,0.1666666666666666,0.0897435897435897,0.4871794871794871,0.782051282051282,0.282051282051282,0.5,0.6367538461538462,0.1593717948717948,0.0415423076923076,0.0571653846153846,0.1051705128205128,0.1165923076923077,0.7560346153846154,0.1273666666666666,0.0107743589743589,78.0,0.1071428571428571,0.375,0.0357142857142857,0.1428571428571428,0.1607142857142857,0.1071428571428571,0.1964285714285714,0.2321428571428571,0.4285714285714285,0.3035714285714285,0.125,0.6136517857142857,0.2209125,0.0421428571428571,0.0449017857142857,0.0783874999999999,0.1332910714285714,0.8053821428571428,0.0613267857142857,-0.0719642857142857,56.0,-0.0215029474124416,-0.0109347675540532,0.0519828146455756
2023-02-09,22.606000900268555,23.020000457763672,22.1200008392334,22.33699989318848,22.313453674316406,523876000.0,,,NVDA,0.0059446016064432,0.0444444444444444,0.1111111111111111,0.0222222222222222,0.1333333333333333,0.1111111111111111,0.1555555555555555,0.0222222222222222,0.3555555555555555,0.5555555555555556,0.1777777777777777,0.3777777777777777,0.5804244444444444,0.2382488888888888,0.0420955555555555,0.0254555555555555,0.1137777777777777,0.0541866666666666,0.8610066666666667,0.0848,0.0306133333333333,45.0,0.0769230769230769,0.3974358974358974,0.1282051282051282,0.2179487179487179,0.0897435897435897,0.1666666666666666,0.0897435897435897,0.4871794871794871,0.782051282051282,0.282051282051282,0.5,0.6367538461538462,0.1593717948717948,0.0415423076923076,0.0571653846153846,0.1051705128205128,0.1165923076923077,0.7560346153846154,0.1273666666666666,0.0107743589743589,78.0,0.0025519132429216,-0.0086690193259099,0.0550178283178224
2023-02-10,21.690000534057617,22.077999114990234,20.81100082397461,21.26499938964844,21.24258613586425,550737000.0,,,NVDA,-0.0479920120875219,0.0571428571428571,0.1714285714285714,0.0571428571428571,0.1142857142857142,0.0285714285714285,0.2285714285714285,0.0,0.1714285714285714,0.4,0.2857142857142857,0.1142857142857142,0.6794514285714286,0.1894228571428571,0.0298914285714285,0.0436914285714285,0.0575371428571428,0.1927714285714285,0.6449714285714286,0.16226,-0.0305114285714285,35.0,0.0444444444444444,0.1111111111111111,0.0222222222222222,0.1333333333333333,0.1111111111111111,0.1555555555555555,0.0222222222222222,0.3555555555555555,0.5555555555555556,0.1777777777777777,0.3777777777777777,0.5804244444444444,0.2382488888888888,0.0420955555555555,0.0254555555555555,0.1137777777777777,0.0541866666666666,0.8610066666666667,0.0848,0.0306133333333333,45.0,-0.0159093014977962,0.0023334556625047,-0.0086913764260908
2023-02-13,21.538000106811523,22.04800033569336,20.96199989318848,21.788000106811523,21.76502799987793,474919000.0,,,NVDA,0.0245940800556119,0.1203703703703703,0.2222222222222222,0.0462962962962962,0.1296296296296296,0.1203703703703703,0.1388888888888889,0.074074074074074,0.2777777777777778,0.5092592592592593,0.3055555555555556,0.2037037037037037,0.5872962962962963,0.2129851851851851,0.0544722222222222,0.0585814814814814,0.0866657407407407,0.1324916666666666,0.7600694444444445,0.1074472222222222,-0.0250444444444444,108.0,0.0571428571428571,0.1714285714285714,0.0571428571428571,0.1142857142857142,0.0285714285714285,0.2285714285714285,0.0,0.1714285714285714,0.4,0.2857142857142857,0.1142857142857142,0.6794514285714286,0.1894228571428571,0.0298914285714285,0.0436914285714285,0.0575371428571428,0.1927714285714285,0.6449714285714286,0.16226,-0.0305114285714285,35.0,0.0147055506282427,0.0117391200212269,-0.0092547748515765
2023-02-14,21.577999114990234,23.04899978637696,21.36599922180176,22.97100067138672,22.9467830657959,675474000.0,,,NVDA,0.0542960507987675,0.125,0.15625,0.03125,0.1875,0.09375,0.15625,0.125,0.21875,0.40625,0.375,0.03125,0.626728125,0.2227375,0.029578125,0.03768125,0.083284375,0.1762,0.750015625,0.0738,-0.1024,32.0,0.1203703703703703,0.2222222222222222,0.0462962962962962,0.1296296296296296,0.1203703703703703,0.1388888888888889,0.074074074074074,0.2777777777777778,0.5092592592592593,0.3055555555555556,0.2037037037037037,0.5872962962962963,0.2129851851851851,0.0544722222222222,0.0585814814814814,0.0866657407407407,0.1324916666666666,0.7600694444444445,0.1074472222222222,-0.0250444444444444,108.0,0.0181509309382046,-0.0004601251830437,-0.0703048325687372
2023-02-15,22.54899978637696,22.854999542236328,22.106000900268555,22.763999938964844,22.7400016784668,420575000.0,,,NVDA,-0.0090113453696837,0.025,0.475,0.05,0.05,0.3,0.175,0.1,0.575,0.875,0.225,0.65,0.5937925,0.187825,0.059455,0.0437175,0.115205,0.150945,0.704815,0.1442525,-0.0066924999999999,40.0,0.125,0.15625,0.03125,0.1875,0.09375,0.15625,0.125,0.21875,0.40625,0.375,0.03125,0.626728125,0.2227375,0.029578125,0.03768125,0.083284375,0.1762,0.750015625,0.0738,-0.1024,32.0,0.0040801451258989,0.0032472003495074,-0.0359598260530309
2023-02-16,22.132999420166016,22.549999237060547,21.927000045776367,22.00200080871582,21.97880744934082,412026000.0,,,NVDA,-0.0334737982823799,0.1351351351351351,0.2432432432432432,0.0,0.1891891891891892,0.1081081081081081,0.1351351351351351,0.1351351351351351,0.2972972972972973,0.4864864864864865,0.3243243243243243,0.1621621621621621,0.687927027027027,0.1385513513513513,0.0267432432432432,0.062354054054054,0.0844027027027027,0.077027027027027,0.8412513513513513,0.081727027027027,0.0046999999999999,37.0,0.025,0.475,0.05,0.05,0.3,0.175,0.1,0.575,0.875,0.225,0.65,0.5937925,0.187825,0.059455,0.0437175,0.115205,0.150945,0.704815,0.1442525,-0.0066924999999999,40.0,-0.0245198689091554,-0.0137687174137484,0.1064180242880923
2023-02-17,21.631000518798828,21.739999771118164,20.975000381469727,21.38800048828125,21.365455627441406,465888000.0,,,NVDA,-0.0279065105471775,0.2222222222222222,0.2222222222222222,0.0277777777777777,0.25,0.0277777777777777,0.1666666666666666,0.0277777777777777,0.1944444444444444,0.6388888888888888,0.4444444444444444,0.1944444444444444,0.7061277777777778,0.1521388888888889,0.0282638888888888,0.0437555555555555,0.0697166666666666,0.1440388888888888,0.7313333333333333,0.1246277777777777,-0.0194111111111111,36.0,0.1351351351351351,0.2432432432432432,0.0,0.1891891891891892,0.1081081081081081,0.1351351351351351,0.1351351351351351,0.2972972972972973,0.4864864864864865,0.3243243243243243,0.1621621621621621,0.687927027027027,0.1385513513513513,0.0267432432432432,0.062354054054054,0.0844027027027027,0.077027027027027,0.8412513513513513,0.081727027027027,0.0046999999999999,37.0,-0.015573853670655,-0.0024981129068438,-0.0074367683670248
2023-02-21,21.0,21.49399948120117,20.61800003051757,20.655000686645508,20.63322639465332,410015000.0,,,NVDA,-0.0342716413614706,0.2096774193548387,0.2258064516129032,0.1451612903225806,0.2016129032258064,0.1048387096774193,0.2016129032258064,0.0887096774193548,0.2903225806451613,0.6048387096774194,0.3790322580645161,0.2258064516129032,0.6478112903225806,0.1977040322580645,0.0355129032258064,0.0444774193548387,0.0744919354838709,0.2017346774193548,0.6784620967741936,0.1197991935483871,-0.0819354838709677,124.0,0.2222222222222222,0.2222222222222222,0.0277777777777777,0.25,0.0277777777777777,0.1666666666666666,0.0277777777777777,0.1944444444444444,0.6388888888888888,0.4444444444444444,0.1944444444444444,0.7061277777777778,0.1521388888888889,0.0282638888888888,0.0437555555555555,0.0697166666666666,0.1440388888888888,0.7313333333333333,0.1246277777777777,-0.0194111111111111,36.0,-0.032386278501491,-0.0200610603629635,0.1423576581570211
2023-02-22,20.707000732421875,21.10400009155273,20.42099952697754,20.753999710083008,20.732120513916016,513184000.0,,,NVDA,0.0047929546921621,0.1071428571428571,0.375,0.0357142857142857,0.0982142857142857,0.1339285714285714,0.1339285714285714,0.0714285714285714,0.3839285714285714,0.7410714285714286,0.2321428571428571,0.5089285714285714,0.7753732142857144,0.0990169642857142,0.0236785714285714,0.0429991071428571,0.0589366071428571,0.22776875,0.4946401785714286,0.2775857142857142,0.0498169642857142,112.0,0.2096774193548387,0.2258064516129032,0.1451612903225806,0.2016129032258064,0.1048387096774193,0.2016129032258064,0.0887096774193548,0.2903225806451613,0.6048387096774194,0.3790322580645161,0.2258064516129032,0.6478112903225806,0.1977040322580645,0.0355129032258064,0.0444774193548387,0.0744919354838709,0.2017346774193548,0.6784620967741936,0.1197991935483871,-0.0819354838709677,124.0,-0.004795420092632,-0.0013780455236812,-0.0253607303201784
2023-02-23,23.440000534057617,23.88800048828125,23.02499961853028,23.66399955749512,23.63905334472656,1117995000.0,,,NVDA,0.1402139655159404,0.1176470588235294,0.1470588235294117,0.0294117647058823,0.088235294117647,0.0294117647058823,0.0588235294117647,0.088235294117647,0.1176470588235294,0.3529411764705882,0.1764705882352941,0.1764705882352941,0.6724117647058823,0.1938705882352941,0.0276970588235294,0.0230529411764705,0.0829764705882353,0.0581235294117647,0.8449911764705883,0.0968794117647058,0.0387558823529411,34.0,0.1071428571428571,0.375,0.0357142857142857,0.0982142857142857,0.1339285714285714,0.1339285714285714,0.0714285714285714,0.3839285714285714,0.7410714285714286,0.2321428571428571,0.5089285714285714,0.7753732142857144,0.0990169642857142,0.0236785714285714,0.0429991071428571,0.0589366071428571,0.22776875,0.4946401785714286,0.2775857142857142,0.0498169642857142,112.0,0.0328823195848488,0.0053192984922503,-0.0515927087772261
2023-02-24,23.225000381469727,23.474000930786133,22.94700050354004,23.285999298095703,23.261455535888672,589716000.0,,,NVDA,-0.0159734742052233,0.0714285714285714,0.3571428571428571,0.0714285714285714,0.1666666666666666,0.238095238095238,0.0714285714285714,0.1428571428571428,0.4761904761904761,0.7142857142857143,0.2142857142857142,0.5,0.7039857142857142,0.1470380952380952,0.0242547619047619,0.0354642857142857,0.0892452380952381,0.1135809523809524,0.7540261904761905,0.1324,0.0188190476190476,42.0,0.1176470588235294,0.1470588235294117,0.0294117647058823,0.088235294117647,0.0294117647058823,0.0588235294117647,0.088235294117647,0.1176470588235294,0.3529411764705882,0.1764705882352941,0.1764705882352941,0.6724117647058823,0.1938705882352941,0.0276970588235294,0.0230529411764705,0.0829764705882353,0.0581235294117647,0.8449911764705883,0.0968794117647058,0.0387558823529411,34.0,-0.0179122654425074,-0.0106824184560613,0.0250709887392444
2023-02-27,23.670000076293945,23.8799991607666,23.45400047302246,23.5009994506836,23.476224899291992,452994000.0,,,NVDA,0.0092328428490626,0.1752577319587628,0.3814432989690721,0.0824742268041237,0.1546391752577319,0.1546391752577319,0.1237113402061855,0.1546391752577319,0.3092783505154639,0.7835051546391752,0.3814432989690721,0.4020618556701031,0.603179381443299,0.2653670103092783,0.0436577319587628,0.024180412371134,0.0636134020618556,0.1630381443298969,0.7489618556701031,0.0880082474226804,-0.0750298969072165,97.0,0.0714285714285714,0.3571428571428571,0.0714285714285714,0.1666666666666666,0.238095238095238,0.0714285714285714,0.1428571428571428,0.4761904761904761,0.7142857142857143,0.2142857142857142,0.5,0.7039857142857142,0.1470380952380952,0.0242547619047619,0.0354642857142857,0.0892452380952381,0.1135809523809524,0.7540261904761905,0.1324,0.0188190476190476,42.0,0.0052922782238788,0.0034059443281617,-0.0332256257877054
2023-02-28,23.371999740600582,23.825000762939453,23.20599937438965,23.215999603271484,23.191526412963867,455963000.0,,,NVDA,-0.0121270982685427,0.0512820512820512,0.5641025641025641,0.1025641025641025,0.2307692307692307,0.1282051282051282,0.1538461538461538,0.3333333333333333,0.3846153846153846,0.8461538461538461,0.2307692307692307,0.6153846153846154,0.6970282051282052,0.1073384615384615,0.0268205128205128,0.0485410256410256,0.1202846153846153,0.1208897435897435,0.7469230769230769,0.1322076923076923,0.0113179487179487,39.0,0.1752577319587628,0.3814432989690721,0.0824742268041237,0.1546391752577319,0.1546391752577319,0.1237113402061855,0.1546391752577319,0.3092783505154639,0.7835051546391752,0.3814432989690721,0.4020618556701031,0.603179381443299,0.2653670103092783,0.0436577319587628,0.024180412371134,0.0636134020618556,0.1630381443298969,0.7489618556701031,0.0880082474226804,-0.0750298969072165,97.0,0.0034276592610473,-0.0036959710258026,-0.0119331737897714
2023-03-01,23.191999435424805,23.256000518798828,22.507999420166016,22.69799995422364,22.67407417297364,460026000.0,,,NVDA,-0.0223121251605491,0.2297297297297297,0.3378378378378378,0.0945945945945946,0.1216216216216216,0.1756756756756756,0.1216216216216216,0.0405405405405405,0.4459459459459459,0.7837837837837838,0.3783783783783784,0.4054054054054054,0.6268243243243243,0.2150621621621621,0.0382067567567567,0.0349,0.0850162162162162,0.1183959459459459,0.7597945945945946,0.1218135135135135,0.0034175675675675,74.0,0.0512820512820512,0.5641025641025641,0.1025641025641025,0.2307692307692307,0.1282051282051282,0.1538461538461538,0.3333333333333333,0.3846153846153846,0.8461538461538461,0.2307692307692307,0.6153846153846154,0.6970282051282052,0.1073384615384615,0.0268205128205128,0.0485410256410256,0.1202846153846153,0.1208897435897435,0.7469230769230769,0.1322076923076923,0.0113179487179487,39.0,0.0002682270636991,-0.0038361309858256,-0.0057971417782864
2023-03-02,22.488000869750977,23.3799991607666,22.43199920654297,23.31399917602539,23.289424896240234,389415000.0,,,NVDA,0.0271389569678688,0.0,0.0967741935483871,0.032258064516129,0.1290322580645161,0.032258064516129,0.1290322580645161,0.032258064516129,0.0967741935483871,0.1612903225806451,0.1612903225806451,0.0,0.6708967741935483,0.2119806451612903,0.0256774193548387,0.0253096774193548,0.0661451612903225,0.1056129032258064,0.7946709677419355,0.099716129032258,-0.0058967741935483,31.0,0.2297297297297297,0.3378378378378378,0.0945945945945946,0.1216216216216216,0.1756756756756756,0.1216216216216216,0.0405405405405405,0.4459459459459459,0.7837837837837838,0.3783783783783784,0.4054054054054054,0.6268243243243243,0.2150621621621621,0.0382067567567567,0.0349,0.0850162162162162,0.1183959459459459,0.7597945945945946,0.1218135135135135,0.0034175675675675,74.0,0.0080013332316797,0.0077774525971763,-0.0481049453249893
2023-03-03,23.31999969482422,23.89999961853028,23.1299991607666,23.88999938964844,23.86481666564941,412393000.0,,,NVDA,0.0247061390297389,0.1489361702127659,0.2978723404255319,0.0851063829787234,0.1063829787234042,0.1063829787234042,0.1489361702127659,0.1063829787234042,0.2553191489361702,0.5319148936170213,0.1914893617021276,0.3404255319148936,0.6097425531914894,0.204959574468085,0.0335510638297872,0.0365787234042553,0.1151659574468085,0.1240574468085106,0.7888106382978723,0.0871340425531914,-0.0369234042553191,47.0,0.0,0.0967741935483871,0.032258064516129,0.1290322580645161,0.032258064516129,0.1290322580645161,0.032258064516129,0.0967741935483871,0.1612903225806451,0.1612903225806451,0.0,0.6708967741935483,0.2119806451612903,0.0256774193548387,0.0253096774193548,0.0661451612903225,0.1056129032258064,0.7946709677419355,0.099716129032258,-0.0058967741935483,31.0,0.0154155933753261,0.0160379155991248,-0.056151116534035
2023-03-06,23.891000747680664,24.24799919128418,23.48699951171875,23.554000854492188,23.5291690826416,437429000.0,,,NVDA,-0.0140645364140146,0.0840336134453781,0.5546218487394958,0.0504201680672268,0.1680672268907563,0.2016806722689075,0.1176470588235294,0.134453781512605,0.4369747899159664,0.8991596638655462,0.3277310924369748,0.5714285714285714,0.6072058823529413,0.2438638655462185,0.0400428571428571,0.0319294117647058,0.0769563025210084,0.1879470588235294,0.7187201680672268,0.0933277310924369,-0.0946193277310924,119.0,0.1489361702127659,0.2978723404255319,0.0851063829787234,0.1063829787234042,0.1063829787234042,0.1489361702127659,0.1063829787234042,0.2553191489361702,0.5319148936170213,0.1914893617021276,0.3404255319148936,0.6097425531914894,0.204959574468085,0.0335510638297872,0.0365787234042553,0.1151659574468085,0.1240574468085106,0.7888106382978723,0.0871340425531914,-0.0369234042553191,47.0,-0.0116306533850206,0.0006927728184804,0.006490040060511
2023-03-07,23.600000381469727,24.125,23.24099922180176,23.288000106811523,23.267406463623047,515154000.0,0.004,,NVDA,-0.0111250260516707,0.0588235294117647,0.1470588235294117,0.0,0.1764705882352941,0.2941176470588235,0.0588235294117647,0.1176470588235294,0.3529411764705882,0.5294117647058824,0.2941176470588235,0.2352941176470588,0.7091558823529411,0.1571647058823529,0.03015,0.02605,0.0774823529411764,0.1471,0.7857705882352941,0.0671264705882353,-0.0799735294117647,34.0,0.0840336134453781,0.5546218487394958,0.0504201680672268,0.1680672268907563,0.2016806722689075,0.1176470588235294,0.134453781512605,0.4369747899159664,0.8991596638655462,0.3277310924369748,0.5714285714285714,0.6072058823529413,0.2438638655462185,0.0400428571428571,0.0319294117647058,0.0769563025210084,0.1879470588235294,0.7187201680672268,0.0933277310924369,-0.0946193277310924,119.0,-0.0105376384178684,-0.0153289112933596,0.0526598339653581
2023-03-08,23.48699951171875,24.200000762939453,23.42399978637696,24.18099975585937,24.159610748291016,513573000.0,,,NVDA,0.0383456697704089,0.1346153846153846,0.2692307692307692,0.1538461538461538,0.1923076923076923,0.1153846153846153,0.25,0.0769230769230769,0.2307692307692307,0.5961538461538461,0.4038461538461538,0.1923076923076923,0.6731692307692309,0.1410442307692307,0.0378480769230769,0.0572326923076923,0.0907,0.1116269230769231,0.7643884615384615,0.1239942307692307,0.0123673076923076,52.0,0.0588235294117647,0.1470588235294117,0.0,0.1764705882352941,0.2941176470588235,0.0588235294117647,0.1176470588235294,0.3529411764705882,0.5294117647058824,0.2941176470588235,0.2352941176470588,0.7091558823529411,0.1571647058823529,0.03015,0.02605,0.0774823529411764,0.1471,0.7857705882352941,0.0671264705882353,-0.0799735294117647,34.0,0.0265879444142089,0.0016322650220976,-0.0245022735322908
2023-03-09,24.174999237060547,24.45400047302246,23.382999420166016,23.43600082397461,23.415271759033203,501257000.0,,,NVDA,-0.0308092293792633,0.05,0.15,0.05,0.05,0.1,0.05,0.05,0.3,0.6,0.3,0.3,0.69755,0.2005199999999999,0.029935,0.031855,0.040145,0.1361899999999999,0.7654449999999999,0.09838,-0.0378099999999999,20.0,0.1346153846153846,0.2692307692307692,0.1538461538461538,0.1923076923076923,0.1153846153846153,0.25,0.0769230769230769,0.2307692307692307,0.5961538461538461,0.4038461538461538,0.1923076923076923,0.6731692307692309,0.1410442307692307,0.0378480769230769,0.0572326923076923,0.0907,0.1116269230769231,0.7643884615384615,0.1239942307692307,0.0123673076923076,52.0,-0.0198694377042677,-0.01845002460647,0.1831501773005757
2023-03-10,23.40900039672852,23.62700080871582,22.72599983215332,22.96500015258789,22.94468879699707,474866000.0,,,NVDA,-0.0200972667274121,0.1842105263157894,0.1842105263157894,0.0789473684210526,0.3421052631578947,0.0526315789473684,0.4210526315789473,0.3947368421052631,0.1578947368421052,0.5789473684210527,0.5,0.0789473684210526,0.61445,0.2057368421052631,0.0504947368421052,0.0278921052631578,0.1014263157894736,0.19755,0.7102315789473684,0.0922263157894736,-0.1053236842105263,38.0,0.05,0.15,0.05,0.05,0.1,0.05,0.05,0.3,0.6,0.3,0.3,0.69755,0.2005199999999999,0.029935,0.031855,0.040145,0.1361899999999999,0.7654449999999999,0.09838,-0.0378099999999999,20.0,-0.0193276650016666,-0.0144293663727519,0.0968597331972798
2023-03-13,22.75200080871582,23.29800033569336,22.29700088500977,22.965999603271484,22.94568252563477,421890000.0,,,NVDA,4.330974573196755e-05,0.15,0.2125,0.0875,0.2125,0.1125,0.2125,0.075,0.25,0.65,0.3625,0.2875,0.6355537499999999,0.2222875,0.04639125,0.02932,0.06645375,0.10298125,0.8163375,0.080675,-0.02230625,80.0,0.1842105263157894,0.1842105263157894,0.0789473684210526,0.3421052631578947,0.0526315789473684,0.4210526315789473,0.3947368421052631,0.1578947368421052,0.5789473684210527,0.5,0.0789473684210526,0.61445,0.2057368421052631,0.0504947368421052,0.0278921052631578,0.1014263157894736,0.19755,0.7102315789473684,0.0922263157894736,-0.1053236842105263,38.0,0.0002963740641099,-0.0014253574715532,0.0693548900651896
2023-03-14,23.496000289916992,24.2189998626709,23.459999084472656,24.0629997253418,24.041717529296875,474910000.0,,,NVDA,0.047766502584424,0.0909090909090909,0.4772727272727273,0.0681818181818181,0.1818181818181818,0.0909090909090909,0.1363636363636363,0.1818181818181818,0.2954545454545454,0.5681818181818182,0.3181818181818182,0.25,0.735565909090909,0.1267431818181818,0.0375681818181818,0.0466863636363636,0.0534340909090909,0.1782272727272727,0.7220045454545455,0.0997681818181818,-0.0784590909090909,44.0,0.15,0.2125,0.0875,0.2125,0.1125,0.2125,0.075,0.25,0.65,0.3625,0.2875,0.6355537499999999,0.2222875,0.04639125,0.02932,0.06645375,0.10298125,0.8163375,0.080675,-0.02230625,80.0,0.029233191279443,0.0165302057099976,-0.1052036526157215
2023-03-15,23.76099967956543,24.285999298095703,23.36000061035156,24.22800064086914,24.20656967163086,524486000.0,,,NVDA,0.0068569203565884,0.1132075471698113,0.3773584905660377,0.0566037735849056,0.1320754716981132,0.1509433962264151,0.1132075471698113,0.2075471698113207,0.3962264150943396,0.5660377358490566,0.2075471698113207,0.3584905660377358,0.6940603773584906,0.1236924528301886,0.0331528301886792,0.0413358490566037,0.1077622641509434,0.0780339622641509,0.7676773584905661,0.1542849056603773,0.0762509433962264,53.0,0.0909090909090909,0.4772727272727273,0.0681818181818181,0.1818181818181818,0.0909090909090909,0.1363636363636363,0.1818181818181818,0.2954545454545454,0.5681818181818182,0.3181818181818182,0.25,0.735565909090909,0.1267431818181818,0.0375681818181818,0.0466863636363636,0.0534340909090909,0.1782272727272727,0.7220045454545455,0.0997681818181818,-0.0784590909090909,44.0,-0.0116586015613144,-0.0062544101584044,0.101559203282858
2023-03-16,24.027000427246094,25.58799934387207,23.893999099731445,25.541000366210938,25.518409729003903,583253000.0,,,NVDA,0.05419355469067,0.18,0.58,0.1,0.28,0.1,0.34,0.24,0.36,1.06,0.5,0.56,0.787192,0.047744,0.033142,0.065484,0.066436,0.056938,0.762818,0.180244,0.123306,50.0,0.1132075471698113,0.3773584905660377,0.0566037735849056,0.1320754716981132,0.1509433962264151,0.1132075471698113,0.2075471698113207,0.3962264150943396,0.5660377358490566,0.2075471698113207,0.3584905660377358,0.6940603773584906,0.1236924528301886,0.0331528301886792,0.0413358490566037,0.1077622641509434,0.0780339622641509,0.7676773584905661,0.1542849056603773,0.0762509433962264,53.0,0.0390533845898912,0.0175451738137524,-0.1205049614414944
2023-03-17,25.98200035095215,26.39900016784668,25.667999267578125,25.725000381469727,25.70224571228028,848547000.0,,,NVDA,0.0072040532787365,0.1176470588235294,0.2058823529411764,0.0,0.0294117647058823,0.1176470588235294,0.1176470588235294,0.0588235294117647,0.2647058823529412,0.3529411764705882,0.2941176470588235,0.0588235294117647,0.7210588235294118,0.1595617647058823,0.0261205882352941,0.0354117647058823,0.057835294117647,0.0783970588235294,0.8099411764705883,0.1116617647058823,0.0332647058823529,34.0,0.18,0.58,0.1,0.28,0.1,0.34,0.24,0.36,1.06,0.5,0.56,0.787192,0.047744,0.033142,0.065484,0.066436,0.056938,0.762818,0.180244,0.123306,50.0,-0.0061902276189843,-0.0116925329165415,0.1096128961658144
2023-03-20,25.614999771118164,26.02400016784668,25.1299991607666,25.89999961853028,25.877092361450195,432747000.0,,,NVDA,0.0068027771241163,0.1023622047244094,0.3543307086614173,0.0472440944881889,0.1259842519685039,0.1023622047244094,0.1023622047244094,0.0944881889763779,0.4803149606299212,0.8503937007874016,0.1889763779527559,0.6614173228346457,0.6415929133858267,0.1744858267716535,0.0319354330708661,0.0560165354330708,0.095967716535433,0.0798984251968503,0.8017251968503938,0.1183724409448818,0.0384740157480314,127.0,0.1176470588235294,0.2058823529411764,0.0,0.0294117647058823,0.1176470588235294,0.1176470588235294,0.0588235294117647,0.2647058823529412,0.3529411764705882,0.2941176470588235,0.0588235294117647,0.7210588235294118,0.1595617647058823,0.0261205882352941,0.0354117647058823,0.057835294117647,0.0783970588235294,0.8099411764705883,0.1116617647058823,0.0332647058823529,34.0,0.0105775024701362,0.0096155363035752,-0.0533124499470525
2023-03-21,26.18000030517578,26.39200019836425,25.381000518798828,26.198999404907227,26.175827026367188,547408000.0,,,NVDA,0.0115443675334259,0.109090909090909,0.9090909090909092,0.0363636363636363,0.4181818181818181,0.2363636363636363,0.0909090909090909,0.1272727272727272,0.5818181818181818,1.8545454545454545,0.2363636363636363,1.6181818181818182,0.6732163636363636,0.1507363636363636,0.0480890909090909,0.0554399999999999,0.0725163636363636,0.1342909090909091,0.7802836363636363,0.0854218181818181,-0.0488690909090909,55.0,0.1023622047244094,0.3543307086614173,0.0472440944881889,0.1259842519685039,0.1023622047244094,0.1023622047244094,0.0944881889763779,0.4803149606299212,0.8503937007874016,0.1889763779527559,0.6614173228346457,0.6415929133858267,0.1744858267716535,0.0319354330708661,0.0560165354330708,0.095967716535433,0.0798984251968503,0.8017251968503938,0.1183724409448818,0.0384740157480314,127.0,0.0019767866525377,0.0131303479993662,-0.1146998137274608
2023-03-22,26.424999237060547,27.589000701904297,26.23699951171875,26.468000411987305,26.44458770751953,797295000.0,,,NVDA,0.0102675144086801,0.125,0.1875,0.125,0.2291666666666666,0.0833333333333333,0.1875,0.0833333333333333,0.1666666666666666,0.4166666666666667,0.3958333333333333,0.0208333333333333,0.6739916666666667,0.1764895833333333,0.0351895833333333,0.04723125,0.0670979166666666,0.0715291666666666,0.8212395833333334,0.1072395833333333,0.0357104166666666,48.0,0.109090909090909,0.9090909090909092,0.0363636363636363,0.4181818181818181,0.2363636363636363,0.0909090909090909,0.1272727272727272,0.5818181818181818,1.8545454545454545,0.2363636363636363,1.6181818181818182,0.6732163636363636,0.1507363636363636,0.0480890909090909,0.0554399999999999,0.0725163636363636,0.1342909090909091,0.7802836363636363,0.0854218181818181,-0.0488690909090909,55.0,-0.0099352432416557,-0.0170464284090233,0.0411600141561314
2023-03-23,27.114999771118164,27.499000549316406,26.690000534057617,27.19099998474121,27.166954040527344,564889000.0,,,NVDA,0.0273162259513091,0.1627906976744186,0.5116279069767442,0.1162790697674418,0.2558139534883721,0.1627906976744186,0.3023255813953488,0.1627906976744186,0.3953488372093023,1.0930232558139534,0.4651162790697674,0.627906976744186,0.6816790697674419,0.131606976744186,0.0377744186046511,0.0577279069767441,0.0911953488372093,0.1425651162790697,0.6933883720930233,0.164053488372093,0.0214883720930232,43.0,0.125,0.1875,0.125,0.2291666666666666,0.0833333333333333,0.1875,0.0833333333333333,0.1666666666666666,0.4166666666666667,0.3958333333333333,0.0208333333333333,0.6739916666666667,0.1764895833333333,0.0351895833333333,0.04723125,0.0670979166666666,0.0715291666666666,0.8212395833333334,0.1072395833333333,0.0357104166666666,48.0,0.027247307107417,0.0027035003321245,0.0157232874155863
2023-03-24,27.0310001373291,27.16699981689453,26.354999542236328,26.77899932861328,26.75531578063965,454920000.0,,,NVDA,-0.0151521683024757,0.0714285714285714,0.238095238095238,0.0952380952380952,0.1904761904761904,0.1428571428571428,0.0952380952380952,0.119047619047619,0.2142857142857142,0.4285714285714285,0.2619047619047619,0.1666666666666666,0.5864952380952381,0.25885,0.0398285714285714,0.0393904761904761,0.0754499999999999,0.1691619047619047,0.7233404761904763,0.1074761904761904,-0.0616857142857142,42.0,0.1627906976744186,0.5116279069767442,0.1162790697674418,0.2558139534883721,0.1627906976744186,0.3023255813953488,0.1627906976744186,0.3953488372093023,1.0930232558139534,0.4651162790697674,0.627906976744186,0.6816790697674419,0.131606976744186,0.0377744186046511,0.0577279069767441,0.0911953488372093,0.1425651162790697,0.6933883720930233,0.164053488372093,0.0214883720930232,43.0,-0.0173445641945232,0.0065620682690625,-0.0384785853935397
2023-03-27,26.83699989318848,27.0,26.364999771118164,26.5310001373291,26.507537841796875,361026000.0,,,NVDA,-0.0092608863552291,0.1417910447761194,0.2761194029850746,0.0522388059701492,0.1791044776119403,0.1492537313432835,0.208955223880597,0.1044776119402985,0.4029850746268656,0.8432835820895522,0.3283582089552239,0.5149253731343284,0.6288171641791045,0.1904485074626865,0.0400634328358208,0.0304410447761194,0.1102335820895522,0.1088947761194029,0.7546589552238806,0.1364410447761194,0.0275462686567164,134.0,0.0714285714285714,0.238095238095238,0.0952380952380952,0.1904761904761904,0.1428571428571428,0.0952380952380952,0.119047619047619,0.2142857142857142,0.4285714285714285,0.2619047619047619,0.1666666666666666,0.5864952380952381,0.25885,0.0398285714285714,0.0393904761904761,0.0754499999999999,0.1691619047619047,0.7233404761904763,0.1074761904761904,-0.0616857142857142,42.0,-0.0117357938993026,0.0018698429368795,-0.0524378749609252
2023-03-28,26.44700050354004,26.51300048828125,25.850000381469727,26.40999984741211,26.386642456054688,356104000.0,,,NVDA,-0.0045607927248362,0.0277777777777777,0.1388888888888889,0.0,0.0277777777777777,0.0833333333333333,0.0,0.0833333333333333,0.2222222222222222,0.3888888888888889,0.0833333333333333,0.3055555555555556,0.7200611111111112,0.17275,0.046,0.0222805555555555,0.0389083333333333,0.1427638888888888,0.8050999999999999,0.05215,-0.0906138888888888,36.0,0.1417910447761194,0.2761194029850746,0.0522388059701492,0.1791044776119403,0.1492537313432835,0.208955223880597,0.1044776119402985,0.4029850746268656,0.8432835820895522,0.3283582089552239,0.5149253731343284,0.6288171641791045,0.1904485074626865,0.0400634328358208,0.0304410447761194,0.1102335820895522,0.1088947761194029,0.7546589552238806,0.1364410447761194,0.0275462686567164,134.0,-0.0074925938570311,-0.0022446787859378,-0.0305825755557722
2023-03-29,26.825000762939453,27.077999114990234,26.597000122070312,26.983999252319336,26.96013259887696,393694000.0,,,NVDA,0.021734108224545,0.0816326530612244,0.3469387755102041,0.0612244897959183,0.2448979591836734,0.1836734693877551,0.1632653061224489,0.1020408163265306,0.4489795918367347,0.7142857142857143,0.3673469387755102,0.3469387755102041,0.7774632653061224,0.1133877551020408,0.0351448979591836,0.0246244897959183,0.0493795918367346,0.0961204081632653,0.8147857142857143,0.0890979591836734,-0.0070224489795918,49.0,0.0277777777777777,0.1388888888888889,0.0,0.0277777777777777,0.0833333333333333,0.0,0.0833333333333333,0.2222222222222222,0.3888888888888889,0.0833333333333333,0.3055555555555556,0.7200611111111112,0.17275,0.046,0.0222805555555555,0.0389083333333333,0.1427638888888888,0.8050999999999999,0.05215,-0.0906138888888888,36.0,0.0321438617262141,0.0145348154415207,-0.0425637708236011
2023-03-30,27.22900009155273,27.499000549316406,27.10199928283692,27.382999420166016,27.358783721923828,364516000.0,,,NVDA,0.0147866899980855,0.2105263157894736,0.2280701754385964,0.087719298245614,0.1929824561403508,0.087719298245614,0.087719298245614,0.0350877192982456,0.2105263157894736,0.5614035087719298,0.3333333333333333,0.2280701754385964,0.6474052631578947,0.2124017543859649,0.0444280701754385,0.032878947368421,0.0628701754385964,0.1479684210526315,0.7629456140350878,0.0890894736842105,-0.058878947368421,57.0,0.0816326530612244,0.3469387755102041,0.0612244897959183,0.2448979591836734,0.1836734693877551,0.1632653061224489,0.1020408163265306,0.4489795918367347,0.7142857142857143,0.3673469387755102,0.3469387755102041,0.7774632653061224,0.1133877551020408,0.0351448979591836,0.0246244897959183,0.0493795918367346,0.0961204081632653,0.8147857142857143,0.0890979591836734,-0.0070224489795918,49.0,0.0164682603246586,0.0058553825444427,-0.0052301452447914
2023-03-31,27.13999938964844,27.833999633789062,27.104999542236328,27.777000427246094,27.75243186950684,433933000.0,,,NVDA,0.0143883643214579,0.1842105263157894,0.3421052631578947,0.0526315789473684,0.1578947368421052,0.0263157894736842,0.1578947368421052,0.0263157894736842,0.1578947368421052,0.3157894736842105,0.5,-0.1842105263157894,0.5204763157894736,0.241828947368421,0.0648157894736842,0.0764236842105263,0.0964552631578947,0.1581736842105263,0.7370052631578947,0.1048105263157894,-0.0533631578947368,38.0,0.2105263157894736,0.2280701754385964,0.087719298245614,0.1929824561403508,0.087719298245614,0.087719298245614,0.0350877192982456,0.2105263157894736,0.5614035087719298,0.3333333333333333,0.2280701754385964,0.6474052631578947,0.2124017543859649,0.0444280701754385,0.032878947368421,0.0628701754385964,0.1479684210526315,0.7629456140350878,0.0890894736842105,-0.058878947368421,57.0,0.0062001190674998,0.0140944758798442,-0.0168243789233769
2023-04-03,27.50900077819824,28.0,27.336000442504883,27.96500015258789,27.94026756286621,398716000.0,,,NVDA,0.0067682606786527,0.2142857142857142,0.4642857142857143,0.0892857142857142,0.1607142857142857,0.25,0.1607142857142857,0.0714285714285714,0.5178571428571429,0.9821428571428572,0.4642857142857143,0.5178571428571429,0.6294428571428572,0.2316482142857143,0.045625,0.0244642857142857,0.0688125,0.1255946428571428,0.7692696428571428,0.1051339285714285,-0.0204607142857142,56.0,0.1842105263157894,0.3421052631578947,0.0526315789473684,0.1578947368421052,0.0263157894736842,0.1578947368421052,0.0263157894736842,0.1578947368421052,0.3157894736842105,0.5,-0.1842105263157894,0.5204763157894736,0.241828947368421,0.0648157894736842,0.0764236842105263,0.0964552631578947,0.1581736842105263,0.7370052631578947,0.1048105263157894,-0.0533631578947368,38.0,-0.0086355936514717,0.0038105293654231,-0.0080214716448667
2023-04-04,27.965999603271484,28.0,27.30699920654297,27.452999114990234,27.42871856689453,368592000.0,,,NVDA,-0.0183086648980967,0.2083333333333333,0.2916666666666667,0.0,0.1666666666666666,0.0416666666666666,0.125,0.0416666666666666,0.4583333333333333,1.1666666666666667,0.5,0.6666666666666666,0.6002208333333333,0.24365,0.0489166666666666,0.0345291666666666,0.072675,0.2251375,0.6441291666666666,0.1307166666666666,-0.0944208333333333,24.0,0.2142857142857142,0.4642857142857143,0.0892857142857142,0.1607142857142857,0.25,0.1607142857142857,0.0714285714285714,0.5178571428571429,0.9821428571428572,0.4642857142857143,0.5178571428571429,0.6294428571428572,0.2316482142857143,0.045625,0.0244642857142857,0.0688125,0.1255946428571428,0.7692696428571428,0.1051339285714285,-0.0204607142857142,56.0,-0.0186466632886632,-0.0055481296679588,0.0242588022343639
2023-04-05,26.82900047302246,26.99799919128418,26.395000457763672,26.881000518798828,26.857227325439453,515015000.0,,,NVDA,-0.0208355064076835,0.2105263157894736,0.4736842105263157,0.1578947368421052,0.2631578947368421,0.2631578947368421,0.2105263157894736,0.1052631578947368,0.5789473684210527,0.6842105263157895,0.5263157894736842,0.1578947368421052,0.5025578947368421,0.3329368421052631,0.0831526315789473,0.0335473684210526,0.0478210526315789,0.2146315789473684,0.7214,0.0639578947368421,-0.1506736842105263,19.0,0.2083333333333333,0.2916666666666667,0.0,0.1666666666666666,0.0416666666666666,0.125,0.0416666666666666,0.4583333333333333,1.1666666666666667,0.5,0.6666666666666666,0.6002208333333333,0.24365,0.0489166666666666,0.0345291666666666,0.072675,0.2251375,0.6441291666666666,0.1307166666666666,-0.0944208333333333,24.0,-0.0173363790832908,-0.002618161015622,0.0042105223003185
2023-04-06,26.583999633789062,27.07999992370605,26.427000045776367,27.03700065612793,27.013084411621094,397654000.0,,,NVDA,0.0058031711275725,0.1818181818181818,0.2727272727272727,0.0,0.1818181818181818,0.1818181818181818,0.0909090909090909,0.0909090909090909,0.4545454545454545,0.4545454545454545,0.2727272727272727,0.1818181818181818,0.4846181818181818,0.3913181818181818,0.0240090909090909,0.0188727272727272,0.0811727272727272,0.0664363636363636,0.7007636363636364,0.232790909090909,0.1663545454545454,11.0,0.2105263157894736,0.4736842105263157,0.1578947368421052,0.2631578947368421,0.2631578947368421,0.2105263157894736,0.1052631578947368,0.5789473684210527,0.6842105263157895,0.5263157894736842,0.1578947368421052,0.5025578947368421,0.3329368421052631,0.0831526315789473,0.0335473684210526,0.0478210526315789,0.2146315789473684,0.7214,0.0639578947368421,-0.1506736842105263,19.0,-0.0051519040979286,0.0039008660145072,-0.0356394291349504
2023-04-10,26.82299995422364,27.621000289916992,26.66900062561035,27.57900047302246,27.55460548400879,395279000.0,,,NVDA,0.0200466212645724,0.1714285714285714,0.5142857142857142,0.0857142857142857,0.2571428571428571,0.1142857142857142,0.1714285714285714,0.0857142857142857,0.4285714285714285,0.7142857142857143,0.5142857142857142,0.2,0.5533771428571429,0.2359685714285714,0.06864,0.0220085714285714,0.1199942857142857,0.1815771428571428,0.7494857142857143,0.0689428571428571,-0.1126342857142857,35.0,0.1818181818181818,0.2727272727272727,0.0,0.1818181818181818,0.1818181818181818,0.0909090909090909,0.0909090909090909,0.4545454545454545,0.4545454545454545,0.2727272727272727,0.1818181818181818,0.4846181818181818,0.3913181818181818,0.0240090909090909,0.0188727272727272,0.0811727272727272,0.0664363636363636,0.7007636363636364,0.232790909090909,0.1663545454545454,11.0,0.0176629732041615,0.001026279004666,0.0309782449261675
2023-04-11,27.724000930786133,27.790000915527344,27.1259994506836,27.16900062561035,27.14496803283692,314378000.0,,,NVDA,-0.0148663878134492,0.1764705882352941,0.2941176470588235,0.1764705882352941,0.4117647058823529,0.1176470588235294,0.1764705882352941,0.0588235294117647,0.4117647058823529,0.7058823529411765,0.6470588235294118,0.0588235294117647,0.5746470588235294,0.2861294117647059,0.039235294117647,0.0205882352941176,0.0794,0.1876705882352941,0.7675588235294118,0.0447705882352941,-0.1429,17.0,0.1714285714285714,0.5142857142857142,0.0857142857142857,0.2571428571428571,0.1142857142857142,0.1714285714285714,0.0857142857142857,0.4285714285714285,0.7142857142857143,0.5142857142857142,0.2,0.5533771428571429,0.2359685714285714,0.06864,0.0220085714285714,0.1199942857142857,0.1815771428571428,0.7494857142857143,0.0689428571428571,-0.1126342857142857,35.0,-0.0052507308126784,0.0002686555747271,0.0068529822256617
2023-04-12,27.3700008392334,27.468000411987305,26.44799995422364,26.4950008392334,26.471567153930664,446259000.0,,,NVDA,-0.0248075767888784,0.2253521126760563,0.6197183098591549,0.1338028169014084,0.2183098591549295,0.3450704225352112,0.2112676056338028,0.2253521126760563,0.8028169014084507,1.1971830985915493,0.3873239436619718,0.8098591549295775,0.5526584507042254,0.2420683098591549,0.0398577464788732,0.0507119718309859,0.1147042253521126,0.0919725352112676,0.6207133802816901,0.2873098591549295,0.1953373239436619,142.0,0.1764705882352941,0.2941176470588235,0.1764705882352941,0.4117647058823529,0.1176470588235294,0.1764705882352941,0.0588235294117647,0.4117647058823529,0.7058823529411765,0.6470588235294118,0.0588235294117647,0.5746470588235294,0.2861294117647059,0.039235294117647,0.0205882352941176,0.0794,0.1876705882352941,0.7675588235294118,0.0447705882352941,-0.1429,17.0,-0.0182890802642651,-0.0040759662269123,-0.0005235721823093
2023-04-13,26.733999252319336,26.886999130249023,26.32900047302246,26.46299934387207,26.43959617614746,353615000.0,,,NVDA,-0.0012077478298618,0.1619047619047619,0.5047619047619047,0.1238095238095238,0.2,0.1809523809523809,0.1619047619047619,0.1904761904761904,0.3619047619047619,0.8380952380952381,0.4,0.4380952380952381,0.6415390476190476,0.1751238095238095,0.0519419047619047,0.0544514285714285,0.0769409523809523,0.1297066666666666,0.7619285714285714,0.1083704761904761,-0.0213361904761904,105.0,0.2253521126760563,0.6197183098591549,0.1338028169014084,0.2183098591549295,0.3450704225352112,0.2112676056338028,0.2253521126760563,0.8028169014084507,1.1971830985915493,0.3873239436619718,0.8098591549295775,0.5526584507042254,0.2420683098591549,0.0398577464788732,0.0507119718309859,0.1147042253521126,0.0919725352112676,0.6207133802816901,0.2873098591549295,0.1953373239436619,142.0,0.0082323161668464,0.0132825304096315,-0.0675746938300819
2023-04-14,26.503999710083008,26.882999420166016,26.21999931335449,26.757999420166016,26.734331130981445,395660000.0,,,NVDA,0.0111474832244178,0.0851063829787234,0.4361702127659574,0.0851063829787234,0.2978723404255319,0.202127659574468,0.2340425531914893,0.1702127659574468,0.5851063829787234,0.9361702127659576,0.4361702127659574,0.5,0.5915234042553191,0.2386191489361702,0.0343829787234042,0.0428351063829787,0.0926436170212766,0.1721180851063829,0.6806287234042554,0.1472574468085106,-0.0248606382978723,94.0,0.1619047619047619,0.5047619047619047,0.1238095238095238,0.2,0.1809523809523809,0.1619047619047619,0.1904761904761904,0.3619047619047619,0.8380952380952381,0.4,0.4380952380952381,0.6415390476190476,0.1751238095238095,0.0519419047619047,0.0544514285714285,0.0769409523809523,0.1297066666666666,0.7619285714285714,0.1083704761904761,-0.0213361904761904,105.0,-0.0015575100751191,-0.0024425746451762,-0.0410112119958089
2023-04-17,26.565000534057617,27.006000518798828,26.433000564575195,27.00200080871582,26.978111267089844,321471000.0,,,NVDA,0.0091186173655899,0.157051282051282,0.358974358974359,0.0897435897435897,0.2403846153846154,0.1474358974358974,0.2243589743589743,0.1955128205128205,0.4038461538461538,0.6538461538461539,0.4743589743589743,0.1794871794871795,0.6353272435897436,0.2018875,0.0489605769230769,0.0313480769230769,0.0824791666666666,0.1704246794871795,0.7237214743589744,0.1058548076923076,-0.0645698717948718,312.0,0.0851063829787234,0.4361702127659574,0.0851063829787234,0.2978723404255319,0.202127659574468,0.2340425531914893,0.1702127659574468,0.5851063829787234,0.9361702127659576,0.4361702127659574,0.5,0.5915234042553191,0.2386191489361702,0.0343829787234042,0.0428351063829787,0.0926436170212766,0.1721180851063829,0.6806287234042554,0.1472574468085106,-0.0248606382978723,94.0,0.0,0.003588103246831,-0.0070298145301754
2023-04-18,27.53300094604492,28.11000061035156,27.35700035095215,27.66699981689453,27.64253044128418,604812000.0,,,NVDA,0.0246280833975522,0.1538461538461538,0.3516483516483517,0.0439560439560439,0.1538461538461538,0.0549450549450549,0.1428571428571428,0.0659340659340659,0.3076923076923077,0.6043956043956044,0.3406593406593406,0.2637362637362637,0.6580813186813187,0.2068076923076923,0.0333241758241758,0.0354780219780219,0.0662901098901098,0.0955846153846153,0.7811736263736263,0.1232527472527472,0.0276681318681318,91.0,0.157051282051282,0.358974358974359,0.0897435897435897,0.2403846153846154,0.1474358974358974,0.2243589743589743,0.1955128205128205,0.4038461538461538,0.6538461538461539,0.4743589743589743,0.1794871794871795,0.6353272435897436,0.2018875,0.0489605769230769,0.0313480769230769,0.0824791666666666,0.1704246794871795,0.7237214743589744,0.1058548076923076,-0.0645698717948718,312.0,0.0043249910823501,0.0006523553014268,-0.0070796952113285
2023-04-19,27.36100006103516,28.0,27.23200035095215,27.93099975585937,27.906295776367188,358660000.0,,,NVDA,0.0095420112005764,0.1463414634146341,0.2804878048780488,0.048780487804878,0.2560975609756097,0.048780487804878,0.2073170731707317,0.1463414634146341,0.3658536585365853,0.7073170731707317,0.3658536585365853,0.3414634146341463,0.660720731707317,0.2059170731707317,0.0525158536585365,0.0275963414634146,0.0532439024390243,0.1482621951219512,0.7578256097560976,0.0939243902439024,-0.0543378048780487,82.0,0.1538461538461538,0.3516483516483517,0.0439560439560439,0.1538461538461538,0.0549450549450549,0.1428571428571428,0.0659340659340659,0.3076923076923077,0.6043956043956044,0.3406593406593406,0.2637362637362637,0.6580813186813187,0.2068076923076923,0.0333241758241758,0.0354780219780219,0.0662901098901098,0.0955846153846153,0.7811736263736263,0.1232527472527472,0.0276681318681318,91.0,-0.0109428401975312,-0.0001689735214587,-0.0219846013613006
2023-04-20,27.67099952697754,28.030000686645508,27.0,27.10400009155273,27.080028533935547,427713000.0,,,NVDA,-0.0296086320109663,0.2321428571428571,0.3214285714285714,0.0892857142857142,0.1964285714285714,0.1428571428571428,0.1607142857142857,0.0714285714285714,0.4464285714285714,0.6964285714285714,0.2857142857142857,0.4107142857142857,0.5062803571428571,0.3145232142857143,0.0378589285714285,0.0493678571428571,0.0919535714285714,0.15195,0.7489821428571428,0.0990714285714285,-0.0528785714285714,56.0,0.1463414634146341,0.2804878048780488,0.048780487804878,0.2560975609756097,0.048780487804878,0.2073170731707317,0.1463414634146341,0.3658536585365853,0.7073170731707317,0.3658536585365853,0.3414634146341463,0.660720731707317,0.2059170731707317,0.0525158536585365,0.0275963414634146,0.0532439024390243,0.1482621951219512,0.7578256097560976,0.0939243902439024,-0.0543378048780487,82.0,-0.0009279423412394,-0.0054569982366964,0.0431349350736636
2023-04-21,26.95199966430664,27.183000564575195,26.722000122070312,27.11899948120117,27.09501075744629,345103000.0,,,NVDA,0.0005532573014821,0.1204819277108433,0.2650602409638554,0.0602409638554216,0.2409638554216867,0.1204819277108433,0.2650602409638554,0.1204819277108433,0.4578313253012048,0.6987951807228916,0.4819277108433735,0.216867469879518,0.6356987951807229,0.2273265060240963,0.0342927710843373,0.026512048192771,0.0761855421686747,0.1909240963855421,0.7179698795180723,0.0911060240963855,-0.0998180722891566,83.0,0.2321428571428571,0.3214285714285714,0.0892857142857142,0.1964285714285714,0.1428571428571428,0.1607142857142857,0.0714285714285714,0.4464285714285714,0.6964285714285714,0.2857142857142857,0.4107142857142857,0.5062803571428571,0.3145232142857143,0.0378589285714285,0.0493678571428571,0.0919535714285714,0.15195,0.7489821428571428,0.0990714285714285,-0.0528785714285714,56.0,-0.0073352602533017,0.0007767320400735,-0.0232964249710482
2023-04-24,27.01300048828125,27.36599922180176,26.67099952697754,27.04199981689453,27.01808357238769,339282000.0,,,NVDA,-0.0028391642190972,0.1780104712041884,0.3455497382198952,0.1308900523560209,0.1989528795811518,0.1727748691099476,0.1989528795811518,0.1832460732984293,0.418848167539267,0.7015706806282722,0.418848167539267,0.2827225130890052,0.5600774869109948,0.2511680628272251,0.0499403141361256,0.0370031413612565,0.1018057591623036,0.1500738219895288,0.7294534031413613,0.1204717277486911,-0.0296020942408376,191.0,0.1204819277108433,0.2650602409638554,0.0602409638554216,0.2409638554216867,0.1204819277108433,0.2650602409638554,0.1204819277108433,0.4578313253012048,0.6987951807228916,0.4819277108433735,0.216867469879518,0.6356987951807229,0.2273265060240963,0.0342927710843373,0.026512048192771,0.0761855421686747,0.1909240963855421,0.7179698795180723,0.0911060240963855,-0.0998180722891566,83.0,-0.0044865843726245,0.0010432505841742,0.0071555711752655
2023-04-25,27.077999114990234,27.246999740600582,26.225000381469727,26.24099922180176,26.217792510986328,378527000.0,,,NVDA,-0.0296205709504598,0.081967213114754,0.4426229508196721,0.1147540983606557,0.1967213114754098,0.2295081967213114,0.1475409836065573,0.1475409836065573,0.3442622950819672,0.7049180327868853,0.3934426229508196,0.3114754098360656,0.6285901639344262,0.1947770491803278,0.0450196721311475,0.0437065573770491,0.0879049180327869,0.1068590163934426,0.7434213114754098,0.149739344262295,0.0428803278688524,61.0,0.1780104712041884,0.3455497382198952,0.1308900523560209,0.1989528795811518,0.1727748691099476,0.1989528795811518,0.1832460732984293,0.418848167539267,0.7015706806282722,0.418848167539267,0.2827225130890052,0.5600774869109948,0.2511680628272251,0.0499403141361256,0.0370031413612565,0.1018057591623036,0.1500738219895288,0.7294534031413613,0.1204717277486911,-0.0296020942408376,191.0,-0.0335948992119231,-0.0158738539661693,0.1107164539259537
2023-04-26,27.00200080871582,27.32999992370605,26.70499992370605,26.95599937438965,26.932159423828125,406337000.0,,,NVDA,0.0272474088938818,0.1710526315789473,0.4736842105263157,0.1184210526315789,0.1973684210526315,0.2631578947368421,0.3815789473684211,0.1578947368421052,0.5921052631578947,0.7894736842105263,0.5789473684210527,0.2105263157894736,0.5481276315789474,0.1982592105263158,0.0525171052631578,0.0529460526315789,0.14815,0.1832881578947368,0.7428671052631579,0.0738394736842105,-0.1094486842105263,76.0,0.081967213114754,0.4426229508196721,0.1147540983606557,0.1967213114754098,0.2295081967213114,0.1475409836065573,0.1475409836065573,0.3442622950819672,0.7049180327868853,0.3934426229508196,0.3114754098360656,0.6285901639344262,0.1947770491803278,0.0450196721311475,0.0437065573770491,0.0879049180327869,0.1068590163934426,0.7434213114754098,0.149739344262295,0.0428803278688524,61.0,0.0053364775937643,-0.0042357371481364,0.0042643882052246
2023-04-27,27.363000869750977,27.4950008392334,26.625,27.22599983215332,27.201919555664062,377161000.0,,,NVDA,0.0100162830462553,0.1764705882352941,0.2647058823529412,0.088235294117647,0.2058823529411764,0.0588235294117647,0.1176470588235294,0.0588235294117647,0.2647058823529412,0.4705882352941176,0.4117647058823529,0.0588235294117647,0.6410647058823529,0.1960882352941176,0.0345705882352941,0.0305294117647058,0.0977264705882353,0.1410176470588235,0.722785294117647,0.1362,-0.0048176470588235,34.0,0.1710526315789473,0.4736842105263157,0.1184210526315789,0.1973684210526315,0.2631578947368421,0.3815789473684211,0.1578947368421052,0.5921052631578947,0.7894736842105263,0.5789473684210527,0.2105263157894736,0.5481276315789474,0.1982592105263158,0.0525171052631578,0.0529460526315789,0.14815,0.1832881578947368,0.7428671052631579,0.0738394736842105,-0.1094486842105263,76.0,0.0042168170434027,0.0199082130692185,-0.0960721577114084
2023-04-28,27.225000381469727,27.757999420166016,27.07099914550781,27.749000549316406,27.724454879760746,292216000.0,,,NVDA,0.019209501852522,0.1636363636363636,0.3090909090909091,0.0181818181818181,0.1818181818181818,0.1272727272727272,0.1272727272727272,0.0727272727272727,0.3636363636363636,0.4545454545454545,0.2363636363636363,0.2181818181818181,0.6842981818181818,0.2049181818181818,0.0319454545454545,0.0216181818181818,0.0572163636363636,0.1740763636363636,0.7507418181818182,0.0751945454545454,-0.0988818181818181,55.0,0.1764705882352941,0.2647058823529412,0.088235294117647,0.2058823529411764,0.0588235294117647,0.1176470588235294,0.0588235294117647,0.2647058823529412,0.4705882352941176,0.4117647058823529,0.0588235294117647,0.6410647058823529,0.1960882352941176,0.0345705882352941,0.0305294117647058,0.0977264705882353,0.1410176470588235,0.722785294117647,0.1362,-0.0048176470588235,34.0,0.0180320095705215,0.0085351493668441,-0.0733999356003863
2023-05-01,27.84000015258789,29.058000564575195,27.780000686645508,28.90999984741211,28.884428024291992,570329000.0,,,NVDA,0.0418393490354265,0.1921182266009852,0.2758620689655172,0.0591133004926108,0.2019704433497537,0.1083743842364532,0.2118226600985221,0.0738916256157635,0.334975369458128,0.625615763546798,0.3793103448275862,0.2463054187192118,0.6081541871921182,0.249247290640394,0.0459655172413793,0.0311448275862068,0.0654862068965517,0.1821266009852216,0.7417423645320197,0.0761290640394088,-0.1059975369458128,203.0,0.1636363636363636,0.3090909090909091,0.0181818181818181,0.1818181818181818,0.1272727272727272,0.1272727272727272,0.0727272727272727,0.3636363636363636,0.4545454545454545,0.2363636363636363,0.2181818181818181,0.6842981818181818,0.2049181818181818,0.0319454545454545,0.0216181818181818,0.0572163636363636,0.1740763636363636,0.7507418181818182,0.0751945454545454,-0.0988818181818181,55.0,0.009050234055431,-0.0010095723716464,0.0190114192529442
2023-05-02,28.68000030517578,28.836000442504883,28.08300018310547,28.209999084472656,28.18504905700684,402730000.0,,,NVDA,-0.024213010785499,0.2040816326530612,0.6122448979591837,0.1632653061224489,0.3877551020408163,0.1836734693877551,0.2244897959183673,0.2653061224489796,0.4081632653061224,0.8775510204081632,0.5510204081632653,0.3265306122448979,0.6691122448979591,0.1651959183673469,0.0353591836734693,0.0520897959183673,0.078234693877551,0.1473306122448979,0.6917551020408164,0.1609061224489796,0.0135755102040816,49.0,0.1921182266009852,0.2758620689655172,0.0591133004926108,0.2019704433497537,0.1083743842364532,0.2118226600985221,0.0738916256157635,0.334975369458128,0.625615763546798,0.3793103448275862,0.2463054187192118,0.6081541871921182,0.249247290640394,0.0459655172413793,0.0311448275862068,0.0654862068965517,0.1821266009852216,0.7417423645320197,0.0761290640394088,-0.1059975369458128,203.0,-0.0071415999800394,-0.011239246377692,0.1057214409829203
2023-05-03,27.84000015258789,28.367000579833984,27.472000122070312,27.802000045776367,27.77741241455078,383387000.0,,,NVDA,-0.0144628679422049,0.1071428571428571,0.2142857142857142,0.0714285714285714,0.1071428571428571,0.0714285714285714,0.1071428571428571,0.0,0.2142857142857142,0.5357142857142857,0.3214285714285714,0.2142857142857142,0.5900571428571428,0.2093857142857142,0.0511714285714285,0.046925,0.1024464285714285,0.2290749999999999,0.6675892857142857,0.1033535714285714,-0.1257214285714285,28.0,0.2040816326530612,0.6122448979591837,0.1632653061224489,0.3877551020408163,0.1836734693877551,0.2244897959183673,0.2653061224489796,0.4081632653061224,0.8775510204081632,0.5510204081632653,0.3265306122448979,0.6691122448979591,0.1651959183673469,0.0353591836734693,0.0520897959183673,0.078234693877551,0.1473306122448979,0.6917551020408164,0.1609061224489796,0.0135755102040816,49.0,-0.0114799078972108,-0.0068641694906829,0.0314960317387948
2023-05-04,27.650999069213867,27.858999252319336,27.239999771118164,27.562000274658203,27.537622451782227,321850000.0,,,NVDA,-0.0086325522042847,0.1,0.1,0.15,0.15,0.05,0.0,0.2,0.3,0.55,0.35,0.2,0.646335,0.217125,0.026865,0.02741,0.082295,0.171255,0.7195199999999999,0.10924,-0.062015,20.0,0.1071428571428571,0.2142857142857142,0.0714285714285714,0.1071428571428571,0.0714285714285714,0.1071428571428571,0.0,0.2142857142857142,0.5357142857142857,0.3214285714285714,0.2142857142857142,0.5900571428571428,0.2093857142857142,0.0511714285714285,0.046925,0.1024464285714285,0.2290749999999999,0.6675892857142857,0.1033535714285714,-0.1257214285714285,28.0,-0.0056104524765681,-0.0070827603450916,0.0954198465343558
2023-05-05,27.826000213623047,28.7549991607666,27.731000900268555,28.68000030517578,28.65463256835937,361494000.0,,,NVDA,0.0405630558169285,0.0526315789473684,0.3684210526315789,0.0526315789473684,0.1052631578947368,0.1842105263157894,0.0789473684210526,0.1578947368421052,0.5526315789473685,0.6842105263157895,0.131578947368421,0.5526315789473685,0.6496131578947368,0.1940578947368421,0.0525157894736842,0.0341078947368421,0.0696894736842105,0.1037210526315789,0.8064684210526316,0.0898105263157894,-0.0139105263157894,38.0,0.1,0.1,0.15,0.15,0.05,0.0,0.2,0.3,0.55,0.35,0.2,0.646335,0.217125,0.026865,0.02741,0.082295,0.171255,0.7195199999999999,0.10924,-0.062015,20.0,0.0222484017349877,0.0185123925021106,-0.144350403011655
2023-05-08,28.52199935913086,29.21999931335449,28.350000381469727,29.150999069213867,29.125213623046875,344979000.0,,,NVDA,0.0164225122609711,0.0898876404494382,0.2359550561797752,0.1123595505617977,0.1685393258426966,0.0786516853932584,0.1797752808988764,0.0449438202247191,0.2808988764044944,0.6179775280898876,0.2696629213483146,0.348314606741573,0.6615977528089887,0.1593483146067415,0.0326977528089887,0.0491719101123595,0.0971786516853932,0.1302438202247191,0.7562280898876405,0.1135258426966292,-0.0167179775280898,89.0,0.0526315789473684,0.3684210526315789,0.0526315789473684,0.1052631578947368,0.1842105263157894,0.0789473684210526,0.1578947368421052,0.5526315789473685,0.6842105263157895,0.131578947368421,0.5526315789473685,0.6496131578947368,0.1940578947368421,0.0525157894736842,0.0341078947368421,0.0696894736842105,0.1037210526315789,0.8064684210526316,0.0898105263157894,-0.0139105263157894,38.0,0.0042180588750582,0.0002665355815778,-0.0122164622045953
2023-05-09,28.89900016784668,28.972999572753903,28.450000762939453,28.57099914550781,28.54572868347168,314869000.0,,,NVDA,-0.0198963326784544,0.4705882352941176,0.3823529411764705,0.088235294117647,0.4117647058823529,0.1176470588235294,0.1470588235294117,0.4411764705882353,0.4411764705882353,0.6470588235294118,0.6176470588235294,0.0294117647058823,0.7064382352941176,0.0766970588235294,0.0189088235294117,0.0534794117647058,0.1444911764705882,0.0403794117647058,0.7881235294117647,0.1714911764705882,0.1311117647058823,34.0,0.0898876404494382,0.2359550561797752,0.1123595505617977,0.1685393258426966,0.0786516853932584,0.1797752808988764,0.0449438202247191,0.2808988764044944,0.6179775280898876,0.2696629213483146,0.348314606741573,0.6615977528089887,0.1593483146067415,0.0326977528089887,0.0491719101123595,0.0971786516853932,0.1302438202247191,0.7562280898876405,0.1135258426966292,-0.0167179775280898,89.0,-0.0170166390424347,-0.0043853704502789,0.0429917292059116
2023-05-10,29.0049991607666,29.113000869750977,28.461000442504883,28.88500022888184,28.859451293945312,369350000.0,,,NVDA,0.0109901769876794,0.1566265060240964,0.5180722891566265,0.0963855421686747,0.2289156626506024,0.3493975903614458,0.1927710843373494,0.2771084337349397,0.7108433734939759,1.1686746987951808,0.3734939759036144,0.7951807228915663,0.4336060240963855,0.3806722891566265,0.0406397590361445,0.0345987951807229,0.1104867469879518,0.1300216867469879,0.7211481927710843,0.1488289156626506,0.0188072289156626,83.0,0.4705882352941176,0.3823529411764705,0.088235294117647,0.4117647058823529,0.1176470588235294,0.1470588235294117,0.4411764705882353,0.4411764705882353,0.6470588235294118,0.6176470588235294,0.0294117647058823,0.7064382352941176,0.0766970588235294,0.0189088235294117,0.0534794117647058,0.1444911764705882,0.0403794117647058,0.7881235294117647,0.1714911764705882,0.1311117647058823,34.0,0.0101815857057689,0.004672556406035,-0.0434781812659798
2023-05-11,28.895999908447266,28.950000762939453,28.246000289916992,28.577999114990234,28.552722930908203,322149000.0,,,NVDA,-0.0106283504808513,0.1111111111111111,0.3888888888888889,0.1111111111111111,0.2777777777777778,0.1666666666666666,0.2222222222222222,0.0,0.2222222222222222,1.0555555555555556,0.3333333333333333,0.7222222222222222,0.5480055555555556,0.2660444444444445,0.09025,0.0243999999999999,0.0713111111111111,0.2264722222222222,0.6912444444444444,0.0822888888888889,-0.1441833333333333,18.0,0.1566265060240964,0.5180722891566265,0.0963855421686747,0.2289156626506024,0.3493975903614458,0.1927710843373494,0.2771084337349397,0.7108433734939759,1.1686746987951808,0.3734939759036144,0.7951807228915663,0.4336060240963855,0.3806722891566265,0.0406397590361445,0.0345987951807229,0.1104867469879518,0.1300216867469879,0.7211481927710843,0.1488289156626506,0.0188072289156626,83.0,-0.0065506443265048,-0.0017440786398568,-0.0005903322648502
2023-05-12,28.52899932861328,28.780000686645508,28.04599952697754,28.34000015258789,28.31493377685547,274222000.0,,,NVDA,-0.0083280727595801,0.0,0.2307692307692307,0.0,0.2307692307692307,0.0769230769230769,0.2307692307692307,0.0769230769230769,0.4230769230769231,0.3846153846153846,0.4230769230769231,-0.0384615384615384,0.6290807692307693,0.1972192307692307,0.0451423076923076,0.0367423076923076,0.0918307692307692,0.136926923076923,0.7010653846153846,0.1620115384615384,0.0250846153846153,26.0,0.1111111111111111,0.3888888888888889,0.1111111111111111,0.2777777777777778,0.1666666666666666,0.2222222222222222,0.0,0.2222222222222222,1.0555555555555556,0.3333333333333333,0.7222222222222222,0.5480055555555556,0.2660444444444445,0.09025,0.0243999999999999,0.0713111111111111,0.2264722222222222,0.6912444444444444,0.0822888888888889,-0.1441833333333333,18.0,-0.0009240584519848,-0.0013102096627866,0.0059066969679353
2023-05-15,28.507999420166016,28.9689998626709,28.152000427246094,28.952999114990234,28.927391052246094,293926000.0,,,NVDA,0.0216301856899006,0.0823529411764705,0.4117647058823529,0.0823529411764705,0.1058823529411764,0.0823529411764705,0.1294117647058823,0.1764705882352941,0.188235294117647,0.5058823529411764,0.2823529411764706,0.2235294117647059,0.6354588235294119,0.2152964705882352,0.04012,0.0318094117647058,0.0773258823529411,0.1416505882352941,0.7746788235294118,0.0836705882352941,-0.05798,85.0,0.0,0.2307692307692307,0.0,0.2307692307692307,0.0769230769230769,0.2307692307692307,0.0769230769230769,0.4230769230769231,0.3846153846153846,0.4230769230769231,-0.0384615384615384,0.6290807692307693,0.1972192307692307,0.0451423076923076,0.0367423076923076,0.0918307692307692,0.136926923076923,0.7010653846153846,0.1620115384615384,0.0250846153846153,26.0,0.0271526766821956,0.0034500631539464,0.0052848002911982
2023-05-16,28.840999603271484,29.8700008392334,28.832000732421875,29.21299934387207,29.187162399291992,449405000.0,,,NVDA,0.0089801166851417,0.025,0.15,0.0,0.05,0.075,0.075,0.15,0.275,0.475,0.2,0.275,0.7267825,0.16351,0.0283125,0.030775,0.050615,0.13879,0.78305,0.078165,-0.060625,40.0,0.0823529411764705,0.4117647058823529,0.0823529411764705,0.1058823529411764,0.0823529411764705,0.1294117647058823,0.1764705882352941,0.188235294117647,0.5058823529411764,0.2823529411764706,0.2235294117647059,0.6354588235294119,0.2152964705882352,0.04012,0.0318094117647058,0.0773258823529411,0.1416505882352941,0.7746788235294118,0.0836705882352941,-0.05798,85.0,-0.00187328690655,-0.00668259699095,0.0508176921283214
2023-05-17,29.583999633789062,30.198999404907227,29.43000030517578,30.17799949645996,30.15130424499512,432535000.0,,,NVDA,0.0330330791501169,0.1875,0.4375,0.0625,0.1875,0.0,0.1875,0.0,0.125,0.25,0.25,0.0,0.69449375,0.1769625,0.0276124999999999,0.02654375,0.07440625,0.244225,0.68586875,0.0699,-0.174325,16.0,0.025,0.15,0.0,0.05,0.075,0.075,0.15,0.275,0.475,0.2,0.275,0.7267825,0.16351,0.0283125,0.030775,0.050615,0.13879,0.78305,0.078165,-0.060625,40.0,0.0247034085534685,0.0121388181364914,-0.0622567507578768
2023-05-18,30.40999984741211,31.827999114990234,30.31999969482422,31.67799949645996,31.64998245239257,748725000.0,,,NVDA,0.0497052530537289,0.0217391304347826,0.3478260869565217,0.0,0.108695652173913,0.0217391304347826,0.1304347826086956,0.0,0.5217391304347826,0.7608695652173914,0.1304347826086956,0.6304347826086957,0.7167195652173912,0.1351804347826087,0.0278499999999999,0.0487717391304347,0.0715043478260869,0.0922173913043478,0.7771347826086956,0.1306478260869565,0.0384304347826086,46.0,0.1875,0.4375,0.0625,0.1875,0.0,0.1875,0.0,0.125,0.25,0.25,0.0,0.69449375,0.1769625,0.0276124999999999,0.02654375,0.07440625,0.244225,0.68586875,0.0699,-0.174325,16.0,0.0315949811546274,0.0096331872086219,-0.0486070872187409
2023-05-19,31.535999298095703,31.57999992370605,30.916000366210938,31.263999938964844,31.236347198486328,473908000.0,,,NVDA,-0.0130690516030594,0.0857142857142857,0.2857142857142857,0.0285714285714285,0.0857142857142857,0.1714285714285714,0.2,0.0285714285714285,0.4285714285714285,0.6285714285714286,0.2,0.4285714285714285,0.6625285714285715,0.1747685714285714,0.0334371428571428,0.0550999999999999,0.0741742857142857,0.11852,0.7212485714285715,0.1602228571428571,0.0417028571428571,35.0,0.0217391304347826,0.3478260869565217,0.0,0.108695652173913,0.0217391304347826,0.1304347826086956,0.0,0.5217391304347826,0.7608695652173914,0.1304347826086956,0.6304347826086957,0.7167195652173912,0.1351804347826087,0.0278499999999999,0.0487717391304347,0.0715043478260869,0.0922173913043478,0.7771347826086956,0.1306478260869565,0.0384304347826086,46.0,-0.0051458446170438,-0.001454970391118,0.0473520414335562
2023-05-22,30.900999069213867,31.520000457763672,30.68000030517578,31.176000595092773,31.148426055908203,372000000.0,,,NVDA,-0.0028147062785365,0.1212121212121212,0.2929292929292929,0.0606060606060606,0.2424242424242424,0.1616161616161616,0.1717171717171717,0.101010101010101,0.404040404040404,0.6767676767676768,0.3333333333333333,0.3434343434343434,0.5868141414141415,0.2352656565656565,0.0547545454545454,0.0344090909090909,0.0887474747474747,0.1364363636363636,0.7387414141414141,0.1248151515151515,-0.0116212121212121,99.0,0.0857142857142857,0.2857142857142857,0.0285714285714285,0.0857142857142857,0.1714285714285714,0.2,0.0285714285714285,0.4285714285714285,0.6285714285714286,0.2,0.4285714285714285,0.6625285714285715,0.1747685714285714,0.0334371428571428,0.0550999999999999,0.0741742857142857,0.11852,0.7212485714285715,0.1602228571428571,0.0417028571428571,35.0,0.0034555917974112,0.0004061277795719,0.0237953379677784
2023-05-23,31.0,31.288000106811523,30.631000518798828,30.6879997253418,30.66085433959961,356253000.0,,,NVDA,-0.0156531734680093,0.1428571428571428,0.5378151260504201,0.0924369747899159,0.2100840336134453,0.2184873949579832,0.1428571428571428,0.1764705882352941,0.5882352941176471,0.9327731092436976,0.3697478991596639,0.5630252100840336,0.4810302521008404,0.2885260504201681,0.0452235294117647,0.0591184873949579,0.1260974789915966,0.1280420168067227,0.606938655462185,0.2650159663865546,0.1369739495798319,119.0,0.1212121212121212,0.2929292929292929,0.0606060606060606,0.2424242424242424,0.1616161616161616,0.1717171717171717,0.101010101010101,0.404040404040404,0.6767676767676768,0.3333333333333333,0.3434343434343434,0.5868141414141415,0.2352656565656565,0.0547545454545454,0.0344090909090909,0.0887474747474747,0.1364363636363636,0.7387414141414141,0.1248151515151515,-0.0116212121212121,99.0,-0.0123573334444303,-0.0112228562947346,0.0766996904354162
2023-05-24,30.209999084472656,30.60700035095215,29.80599975585937,30.538000106811523,30.51099395751953,721419000.0,,,NVDA,-0.0048876779629237,0.1735537190082644,0.5289256198347108,0.1157024793388429,0.1900826446280991,0.1735537190082644,0.1735537190082644,0.1074380165289256,0.5371900826446281,1.0495867768595042,0.371900826446281,0.6776859504132231,0.7104652892561983,0.121,0.0516264462809917,0.0487272727272727,0.0681826446280991,0.1862322314049586,0.5772264462809917,0.2365413223140496,0.0503090909090909,121.0,0.1428571428571428,0.5378151260504201,0.0924369747899159,0.2100840336134453,0.2184873949579832,0.1428571428571428,0.1764705882352941,0.5882352941176471,0.9327731092436976,0.3697478991596639,0.5630252100840336,0.4810302521008404,0.2885260504201681,0.0452235294117647,0.0591184873949579,0.1260974789915966,0.1280420168067227,0.606938655462185,0.2650159663865546,0.1369739495798319,119.0,-0.0178905545707612,-0.0072449144874165,0.0809498081174409
2023-05-25,38.52299880981445,39.47999954223633,36.6349983215332,37.97999954223633,37.9464111328125,1543911000.0,,,NVDA,0.2436963274826544,0.2295081967213114,0.2950819672131147,0.081967213114754,0.180327868852459,0.0983606557377049,0.180327868852459,0.1311475409836065,0.360655737704918,0.6557377049180327,0.3442622950819672,0.3114754098360656,0.7527377049180328,0.1069590163934426,0.0380491803278688,0.0404213114754098,0.0618327868852459,0.1021360655737704,0.7408573770491804,0.1570065573770492,0.0548704918032786,61.0,0.1735537190082644,0.5289256198347108,0.1157024793388429,0.1900826446280991,0.1735537190082644,0.1735537190082644,0.1074380165289256,0.5371900826446281,1.0495867768595042,0.371900826446281,0.6776859504132231,0.7104652892561983,0.121,0.0516264462809917,0.0487272727272727,0.0681826446280991,0.1862322314049586,0.5772264462809917,0.2365413223140496,0.0503090909090909,121.0,0.0666002877504325,0.0086599883435991,-0.0444334132045465
2023-05-26,37.88999938964844,39.16999816894531,37.54999923706055,38.94599914550781,38.91154861450195,714397000.0,,,NVDA,0.0254342229706907,0.0784313725490196,0.2941176470588235,0.0980392156862745,0.0392156862745098,0.0980392156862745,0.0196078431372549,0.1764705882352941,0.3529411764705882,0.4509803921568627,0.2156862745098039,0.2352941176470588,0.6318411764705882,0.206635294117647,0.0518372549019607,0.0344039215686274,0.0752862745098039,0.1157078431372549,0.7415588235294117,0.142735294117647,0.0270274509803921,51.0,0.2295081967213114,0.2950819672131147,0.081967213114754,0.180327868852459,0.0983606557377049,0.180327868852459,0.1311475409836065,0.360655737704918,0.6557377049180327,0.3442622950819672,0.3114754098360656,0.7527377049180328,0.1069590163934426,0.0380491803278688,0.0404213114754098,0.0618327868852459,0.1021360655737704,0.7408573770491804,0.1570065573770492,0.0548704918032786,61.0,0.0653566929527806,0.0129506535823493,-0.0621733889580256
2023-05-30,40.595001220703125,41.9379997253418,39.94900131225586,40.11100006103516,40.07551956176758,923401000.0,,,NVDA,0.0299132516877476,0.0962566844919786,0.4117647058823529,0.0695187165775401,0.1871657754010695,0.1176470588235294,0.1016042780748663,0.106951871657754,0.3796791443850267,0.7219251336898396,0.2245989304812834,0.4973262032085561,0.6305374331550803,0.1662540106951871,0.0459165775401069,0.0622491978609625,0.0950433155080213,0.1169946524064171,0.7409021390374332,0.1421064171122994,0.0251117647058823,187.0,0.0784313725490196,0.2941176470588235,0.0980392156862745,0.0392156862745098,0.0980392156862745,0.0196078431372549,0.1764705882352941,0.3529411764705882,0.4509803921568627,0.2156862745098039,0.2352941176470588,0.6318411764705882,0.206635294117647,0.0518372549019607,0.0344039215686274,0.0752862745098039,0.1157078431372549,0.7415588235294117,0.142735294117647,0.0270274509803921,51.0,-0.0008371081949456,0.0003809905209921,-0.0272981424869062
2023-05-31,39.48799896240234,40.29499816894531,37.821998596191406,37.83399963378906,37.800537109375,1002580000.0,,,NVDA,-0.0567673851086619,0.22,0.18,0.04,0.16,0.14,0.12,0.06,0.24,0.52,0.32,0.2,0.551076,0.242306,0.05394,0.06104,0.091624,0.166954,0.7112479999999999,0.12179,-0.045164,50.0,0.0962566844919786,0.4117647058823529,0.0695187165775401,0.1871657754010695,0.1176470588235294,0.1016042780748663,0.106951871657754,0.3796791443850267,0.7219251336898396,0.2245989304812834,0.4973262032085561,0.6305374331550803,0.1662540106951871,0.0459165775401069,0.0622491978609625,0.0950433155080213,0.1169946524064171,0.7409021390374332,0.1421064171122994,0.0251117647058823,187.0,-0.0256716495476162,-0.0055452029401931,0.0274914933994372
2023-06-01,38.48899841308594,40.04999923706055,38.34000015258789,39.77000045776367,39.73482894897461,635873000.0,,,NVDA,0.0511710146869812,0.2205882352941176,0.5,0.0735294117647058,0.1323529411764706,0.2352941176470588,0.25,0.25,0.4411764705882353,0.8382352941176471,0.5,0.3382352941176471,0.67,0.1805470588235294,0.0304779411764705,0.0316191176470588,0.0873632352941176,0.1530029411764706,0.7560441176470588,0.0909573529411764,-0.0620455882352941,68.0,0.22,0.18,0.04,0.16,0.14,0.12,0.06,0.24,0.52,0.32,0.2,0.551076,0.242306,0.05394,0.06104,0.091624,0.166954,0.7112479999999999,0.12179,-0.045164,50.0,0.0172018015799122,0.009500835572316,-0.1276477618370169
2023-06-02,40.09700012207031,40.5,39.05799865722656,39.32699966430664,39.29220962524414,482731000.0,,,NVDA,-0.0111393287812779,0.0425531914893617,0.3829787234042553,0.0851063829787234,0.1702127659574468,0.1276595744680851,0.1914893617021276,0.1276595744680851,0.3617021276595745,0.7446808510638298,0.2553191489361702,0.4893617021276595,0.6344340425531915,0.205895744680851,0.031031914893617,0.0275425531914893,0.1010808510638297,0.1443212765957446,0.7321255319148936,0.1235510638297872,-0.0207702127659574,47.0,0.2205882352941176,0.5,0.0735294117647058,0.1323529411764706,0.2352941176470588,0.25,0.25,0.4411764705882353,0.8382352941176471,0.5,0.3382352941176471,0.67,0.1805470588235294,0.0304779411764705,0.0316191176470588,0.0873632352941176,0.1530029411764706,0.7560441176470588,0.0909573529411764,-0.0620455882352941,68.0,-0.0023510553289848,0.014461271186275,-0.0670926046424501
2023-06-05,38.90900039672852,39.56499862670898,38.70700073242188,39.17100143432617,39.13636016845703,396094000.0,,,NVDA,-0.0039664212899592,0.0823529411764705,0.188235294117647,0.0470588235294117,0.1529411764705882,0.1529411764705882,0.188235294117647,0.0941176470588235,0.2823529411764706,0.4235294117647059,0.2705882352941176,0.1529411764705882,0.6418141176470589,0.1692176470588235,0.0358964705882352,0.0361529411764705,0.1169141176470588,0.1683458823529411,0.729015294117647,0.102635294117647,-0.0657105882352941,85.0,0.0425531914893617,0.3829787234042553,0.0851063829787234,0.1702127659574468,0.1276595744680851,0.1914893617021276,0.1276595744680851,0.3617021276595745,0.7446808510638298,0.2553191489361702,0.4893617021276595,0.6344340425531915,0.205895744680851,0.031031914893617,0.0275425531914893,0.1010808510638297,0.1443212765957446,0.7321255319148936,0.1235510638297872,-0.0207702127659574,47.0,-0.0154826538374174,-0.0019162511466602,0.0089040518746559
2023-06-06,38.83000183105469,39.15999984741211,38.14799880981445,38.65399932861328,38.619815826416016,388729000.0,,,NVDA,-0.0131985790149523,0.1063829787234042,0.1702127659574468,0.0851063829787234,0.0425531914893617,0.1276595744680851,0.0425531914893617,0.1063829787234042,0.3617021276595745,0.5319148936170213,0.1914893617021276,0.3404255319148936,0.7146914893617021,0.1310489361702127,0.0262914893617021,0.0418808510638297,0.0860914893617021,0.1048361702127659,0.7902446808510638,0.1049234042553191,8.723404255319221e-05,47.0,0.0823529411764705,0.188235294117647,0.0470588235294117,0.1529411764705882,0.1529411764705882,0.188235294117647,0.0941176470588235,0.2823529411764706,0.4235294117647059,0.2705882352941176,0.1529411764705882,0.6418141176470589,0.1692176470588235,0.0358964705882352,0.0361529411764705,0.1169141176470588,0.1683458823529411,0.729015294117647,0.102635294117647,-0.0657105882352941,85.0,0.0120728936985541,0.0021774356483303,-0.0522742381546912
2023-06-07,38.915000915527344,39.499000549316406,37.35599899291992,37.47499847412109,37.44572448730469,511998000.0,0.004,,NVDA,-0.0304012671730103,0.0888888888888888,0.2444444444444444,0.0444444444444444,0.0222222222222222,0.0444444444444444,0.1777777777777777,0.0666666666666666,0.1555555555555555,0.4,0.3111111111111111,0.0888888888888888,0.68296,0.1901955555555555,0.0264688888888888,0.0227733333333333,0.0776066666666666,0.1412955555555555,0.7574044444444444,0.1013022222222222,-0.0399933333333333,45.0,0.1063829787234042,0.1702127659574468,0.0851063829787234,0.0425531914893617,0.1276595744680851,0.0425531914893617,0.1063829787234042,0.3617021276595745,0.5319148936170213,0.1914893617021276,0.3404255319148936,0.7146914893617021,0.1310489361702127,0.0262914893617021,0.0418808510638297,0.0860914893617021,0.1048361702127659,0.7902446808510638,0.1049234042553191,8.723404255319221e-05,47.0,-0.001472916422029,-0.0034577308353366,-0.0014326975436259
2023-06-08,37.7239990234375,38.86399841308594,37.505001068115234,38.5099983215332,38.479923248291016,417772000.0,,,NVDA,0.0276186073349162,0.0666666666666666,0.1333333333333333,0.0333333333333333,0.0666666666666666,0.0333333333333333,0.1666666666666666,0.0666666666666666,0.1,0.3333333333333333,0.3,0.0333333333333333,0.6598566666666666,0.1389533333333333,0.07329,0.0410633333333333,0.0868433333333333,0.1087433333333333,0.7628900000000001,0.1283633333333333,0.01962,30.0,0.0888888888888888,0.2444444444444444,0.0444444444444444,0.0222222222222222,0.0444444444444444,0.1777777777777777,0.0666666666666666,0.1555555555555555,0.4,0.3111111111111111,0.0888888888888888,0.68296,0.1901955555555555,0.0264688888888888,0.0227733333333333,0.0776066666666666,0.1412955555555555,0.7574044444444444,0.1013022222222222,-0.0399933333333333,45.0,0.0102359919216779,0.0060485491325754,-0.0208034412182567
2023-06-09,39.0369987487793,39.71099853515625,38.56700134277344,38.77000045776367,38.73971557617188,427717000.0,,,NVDA,0.0067513733383655,0.1621621621621621,0.4054054054054054,0.054054054054054,0.054054054054054,0.1621621621621621,0.1891891891891892,0.054054054054054,0.4594594594594595,0.6216216216216216,0.5135135135135135,0.1081081081081081,0.6612135135135135,0.2082675675675675,0.0299513513513513,0.0347675675675675,0.0657891891891891,0.1346837837837838,0.7311351351351352,0.1341837837837838,-0.0004999999999999,37.0,0.0666666666666666,0.1333333333333333,0.0333333333333333,0.0666666666666666,0.0333333333333333,0.1666666666666666,0.0666666666666666,0.1,0.3333333333333333,0.3,0.0333333333333333,0.6598566666666666,0.1389533333333333,0.07329,0.0410633333333333,0.0868433333333333,0.1087433333333333,0.7628900000000001,0.1283633333333333,0.01962,30.0,0.0026360437139349,0.0017943068152324,0.0131868359125391
2023-06-12,39.20000076293945,39.52999877929688,38.61800003051758,39.48199844360352,39.45116424560547,388701000.0,,,NVDA,0.0183648397736606,0.1415094339622641,0.2830188679245283,0.0471698113207547,0.1226415094339622,0.1132075471698113,0.0943396226415094,0.0660377358490566,0.1981132075471698,0.4339622641509434,0.2547169811320754,0.1792452830188679,0.6173367924528302,0.2405764150943396,0.0413641509433962,0.0291849056603773,0.0715245283018868,0.149727358490566,0.7533415094339623,0.096927358490566,-0.0528,106.0,0.1621621621621621,0.4054054054054054,0.054054054054054,0.054054054054054,0.1621621621621621,0.1891891891891892,0.054054054054054,0.4594594594594595,0.6216216216216216,0.5135135135135135,0.1081081081081081,0.6612135135135135,0.2082675675675675,0.0299513513513513,0.0347675675675675,0.0657891891891891,0.1346837837837838,0.7311351351351352,0.1341837837837838,-0.0004999999999999,37.0,0.0322062778695544,0.0090718715181388,0.0853217868174487
2023-06-20,42.99800109863281,43.9900016784668,42.67399978637695,43.80799865722656,43.77378082275391,451153000.0,,,NVDA,0.0261408036281729,0.1271186440677966,0.2457627118644068,0.1144067796610169,0.2330508474576271,0.1101694915254237,0.211864406779661,0.1186440677966101,0.2796610169491525,0.5169491525423728,0.423728813559322,0.0932203389830508,0.645972033898305,0.201668220338983,0.0513055084745762,0.0292114406779661,0.0718406779661016,0.1793415254237288,0.7305055084745763,0.0901525423728813,-0.0891889830508474,236.0,0.1034482758620689,0.5517241379310345,0.0689655172413793,0.1034482758620689,0.2758620689655172,0.1724137931034483,0.1724137931034483,0.5517241379310345,0.896551724137931,0.3793103448275862,0.5172413793103449,0.5202724137931034,0.2752551724137931,0.0462620689655172,0.0418413793103448,0.1163793103448275,0.074703448275862,0.7421137931034483,0.1831758620689655,0.1084724137931034,29.0,-0.0080987206035664,-0.0051883330233399,0.0251107942057453
2023-06-21,43.5009994506836,43.6150016784668,42.08000183105469,43.04499816894531,43.01137924194336,551603000.0,,,NVDA,-0.0174168547125874,0.08,0.24,0.0666666666666666,0.12,0.0933333333333333,0.1066666666666666,0.0533333333333333,0.3466666666666667,0.5333333333333333,0.2533333333333333,0.28,0.7003933333333333,0.1628373333333333,0.038112,0.0292826666666666,0.0693733333333333,0.0854226666666666,0.7979533333333333,0.1166306666666666,0.0312079999999999,75.0,0.1271186440677966,0.2457627118644068,0.1144067796610169,0.2330508474576271,0.1101694915254237,0.211864406779661,0.1186440677966101,0.2796610169491525,0.5169491525423728,0.423728813559322,0.0932203389830508,0.645972033898305,0.201668220338983,0.0513055084745762,0.0292114406779661,0.0718406779661016,0.1793415254237288,0.7305055084745763,0.0901525423728813,-0.0891889830508474,236.0,-0.0243747363150403,-0.0051236075562623,-0.0489913760496515
2023-06-22,42.25299835205078,43.42599868774414,42.23400115966797,43.025001525878906,42.99138641357422,417737000.0,,,NVDA,-0.0004648264882807,0.1964285714285714,0.3928571428571428,0.0892857142857142,0.3214285714285714,0.2321428571428571,0.2857142857142857,0.1964285714285714,0.375,0.75,0.5178571428571429,0.2321428571428571,0.6938607142857143,0.1465035714285714,0.0326482142857142,0.0440535714285714,0.0829339285714285,0.0871803571428571,0.77225,0.1405696428571428,0.0533892857142857,56.0,0.08,0.24,0.0666666666666666,0.12,0.0933333333333333,0.1066666666666666,0.0533333333333333,0.3466666666666667,0.5333333333333333,0.2533333333333333,0.28,0.7003933333333333,0.1628373333333333,0.038112,0.0292826666666666,0.0693733333333333,0.0854226666666666,0.7979533333333333,0.1166306666666666,0.0312079999999999,75.0,0.004663090654744,0.003609586947866,-0.0219696943972282
2023-06-23,42.4640007019043,42.80899810791016,42.01499938964844,42.20899963378906,42.176025390625,358140000.0,,,NVDA,-0.0189656833837713,0.0769230769230769,0.3461538461538461,0.0192307692307692,0.1346153846153846,0.1153846153846153,0.2115384615384615,0.173076923076923,0.3269230769230769,0.5192307692307693,0.3461538461538461,0.173076923076923,0.5834942307692308,0.1966057692307692,0.0388634615384615,0.0467596153846153,0.1342653846153846,0.0859326923076923,0.7912673076923077,0.1228057692307692,0.0368730769230769,52.0,0.1964285714285714,0.3928571428571428,0.0892857142857142,0.3214285714285714,0.2321428571428571,0.2857142857142857,0.1964285714285714,0.375,0.75,0.5178571428571429,0.2321428571428571,0.6938607142857143,0.1465035714285714,0.0326482142857142,0.0440535714285714,0.0829339285714285,0.0871803571428571,0.77225,0.1405696428571428,0.0533892857142857,56.0,-0.0176124113492956,-0.0075599705548755,0.0410534267417077
2023-06-26,42.46099853515625,42.76399993896485,40.09999847412109,40.63199996948242,40.60026931762695,594322000.0,,,NVDA,-0.0373614170231486,0.1363636363636363,0.2532467532467532,0.0844155844155844,0.1623376623376623,0.1168831168831168,0.1428571428571428,0.1298701298701298,0.3311688311688311,0.551948051948052,0.3311688311688311,0.2207792207792207,0.5471454545454546,0.28925,0.0441376623376623,0.0290123376623376,0.0904584415584415,0.1491376623376623,0.7469551948051948,0.1039058441558441,-0.0452318181818181,154.0,0.0769230769230769,0.3461538461538461,0.0192307692307692,0.1346153846153846,0.1153846153846153,0.2115384615384615,0.173076923076923,0.3269230769230769,0.5192307692307693,0.3461538461538461,0.173076923076923,0.5834942307692308,0.1966057692307692,0.0388634615384615,0.0467596153846153,0.1342653846153846,0.0859326923076923,0.7912673076923077,0.1228057692307692,0.0368730769230769,52.0,0.0032390073707735,-0.0040858910873938,0.0602678902459905
2023-06-27,40.79899978637695,41.93999862670898,40.448001861572266,41.8759994506836,41.8432846069336,462175000.0,,,NVDA,0.030615937041752,0.0816326530612244,0.2857142857142857,0.0612244897959183,0.2040816326530612,0.1020408163265306,0.2448979591836734,0.1632653061224489,0.4285714285714285,0.5306122448979592,0.3265306122448979,0.2040816326530612,0.5360714285714285,0.2664836734693878,0.0637591836734693,0.0384408163265306,0.095234693877551,0.1842612244897959,0.7221102040816327,0.0936306122448979,-0.0906306122448979,49.0,0.1363636363636363,0.2532467532467532,0.0844155844155844,0.1623376623376623,0.1168831168831168,0.1428571428571428,0.1298701298701298,0.3311688311688311,0.551948051948052,0.3311688311688311,0.2207792207792207,0.5471454545454546,0.28925,0.0441376623376623,0.0290123376623376,0.0904584415584415,0.1491376623376623,0.7469551948051948,0.1039058441558441,-0.0452318181818181,154.0,0.0349380450685856,0.0109634060274932,-0.0357894897460937
2023-06-28,40.65999984741211,41.845001220703125,40.51800155639648,41.117000579833984,41.08488464355469,582639000.0,,,NVDA,-0.0181247712865553,0.1111111111111111,0.365079365079365,0.0714285714285714,0.1587301587301587,0.2222222222222222,0.1984126984126984,0.1666666666666666,0.4761904761904761,0.8968253968253969,0.2936507936507936,0.6031746031746031,0.5308587301587301,0.2651238095238095,0.0394539682539682,0.0553698412698412,0.1091968253968254,0.1434833333333333,0.6639190476190476,0.1925960317460317,0.0491126984126984,126.0,0.0816326530612244,0.2857142857142857,0.0612244897959183,0.2040816326530612,0.1020408163265306,0.2448979591836734,0.1632653061224489,0.4285714285714285,0.5306122448979592,0.3265306122448979,0.2040816326530612,0.5360714285714285,0.2664836734693878,0.0637591836734693,0.0384408163265306,0.095234693877551,0.1842612244897959,0.7221102040816327,0.0936306122448979,-0.0906306122448979,49.0,-0.0077093983896191,0.0005043909101267,-0.022561824680231
2023-06-29,41.55799865722656,41.59999847412109,40.59999847412109,40.821998596191406,40.79010772705078,380514000.0,,,NVDA,-0.0071748264370543,0.1285714285714285,0.4428571428571428,0.0714285714285714,0.2,0.1142857142857142,0.2,0.1,0.3428571428571428,0.7428571428571429,0.3,0.4428571428571428,0.68071,0.1409014285714285,0.0390928571428571,0.0429942857142857,0.0962971428571428,0.1090357142857142,0.7711642857142856,0.1198085714285714,0.0107728571428571,70.0,0.1111111111111111,0.365079365079365,0.0714285714285714,0.1587301587301587,0.2222222222222222,0.1984126984126984,0.1666666666666666,0.4761904761904761,0.8968253968253969,0.2936507936507936,0.6031746031746031,0.5308587301587301,0.2651238095238095,0.0394539682539682,0.0553698412698412,0.1091968253968254,0.1434833333333333,0.6639190476190476,0.1925960317460317,0.0491126984126984,126.0,0.0002803956082944,0.0039412870159947,0.0081905922693727
2023-06-30,41.68000030517578,42.54999923706055,41.5009994506836,42.30199813842773,42.26895523071289,501148000.0,,,NVDA,0.0362550526602649,0.1948051948051948,0.3246753246753247,0.0389610389610389,0.1428571428571428,0.1298701298701298,0.1038961038961039,0.0779220779220779,0.4025974025974026,0.5714285714285714,0.3116883116883117,0.2597402597402597,0.5785142857142858,0.2328792207792207,0.0799311688311688,0.0293571428571428,0.0793207792207792,0.1718155844155844,0.7296350649350649,0.0985584415584415,-0.0732571428571428,77.0,0.1285714285714285,0.4428571428571428,0.0714285714285714,0.2,0.1142857142857142,0.2,0.1,0.3428571428571428,0.7428571428571429,0.3,0.4428571428571428,0.68071,0.1409014285714285,0.0390928571428571,0.0429942857142857,0.0962971428571428,0.1090357142857142,0.7711642857142856,0.1198085714285714,0.0107728571428571,70.0,0.015454157003127,0.0118008811086089,0.0036927762832887
2023-07-03,42.516998291015625,42.89799880981445,42.20199966430664,42.41299819946289,42.37986755371094,198209000.0,,,NVDA,0.0026239665114187,0.3666666666666666,0.5833333333333334,0.1,0.2333333333333333,0.2166666666666666,0.15,0.1333333333333333,0.55,1.05,0.5833333333333334,0.4666666666666667,0.76133,0.142325,0.0264016666666666,0.02537,0.0445766666666666,0.0991666666666666,0.7947299999999999,0.1061049999999999,0.0069383333333333,60.0,0.1948051948051948,0.3246753246753247,0.0389610389610389,0.1428571428571428,0.1298701298701298,0.1038961038961039,0.0779220779220779,0.4025974025974026,0.5714285714285714,0.3116883116883117,0.2597402597402597,0.5785142857142858,0.2328792207792207,0.0799311688311688,0.0293571428571428,0.0793207792207792,0.1718155844155844,0.7296350649350649,0.0985584415584415,-0.0732571428571428,77.0,0.0088908625504044,0.0011504796112218,-0.0014717040131794
2023-07-05,42.1349983215332,43.17699813842773,42.084999084472656,42.31700134277344,42.28395080566406,323618000.0,,,NVDA,-0.002263262100225,0.2391304347826087,0.391304347826087,0.1304347826086956,0.1956521739130435,0.108695652173913,0.1739130434782608,0.0434782608695652,0.4565217391304347,0.9565217391304348,0.4782608695652174,0.4782608695652174,0.6049543478260869,0.2539978260869565,0.0552065217391304,0.0268282608695652,0.0590065217391304,0.0835826086956521,0.8326565217391304,0.0837608695652174,0.0001782608695652,46.0,0.3666666666666666,0.5833333333333334,0.1,0.2333333333333333,0.2166666666666666,0.15,0.1333333333333333,0.55,1.05,0.5833333333333334,0.4666666666666667,0.76133,0.142325,0.0264016666666666,0.02537,0.0445766666666666,0.0991666666666666,0.7947299999999999,0.1061049999999999,0.0069383333333333,60.0,-0.0220997750493789,-0.0014871199097931,0.0449521462100124
2023-07-06,41.84400177001953,42.17900085449219,41.34600067138672,42.10300064086914,42.07011795043945,303582000.0,,,NVDA,-0.0050570689623441,0.2,0.3333333333333333,0.1,0.1333333333333333,0.2,0.1,0.0666666666666666,0.5,0.7,0.2666666666666666,0.4333333333333333,0.6637666666666667,0.2174033333333333,0.03049,0.0237333333333333,0.0646033333333333,0.1557366666666667,0.7663766666666666,0.0778733333333333,-0.0778633333333333,30.0,0.2391304347826087,0.391304347826087,0.1304347826086956,0.1956521739130435,0.108695652173913,0.1739130434782608,0.0434782608695652,0.4565217391304347,0.9565217391304348,0.4782608695652174,0.4782608695652174,0.6049543478260869,0.2539978260869565,0.0552065217391304,0.0268282608695652,0.0590065217391304,0.0835826086956521,0.8326565217391304,0.0837608695652174,0.0001782608695652,46.0,-0.0126083322343343,-0.0078307719884714,0.0888574928131427
2023-07-07,42.321998596191406,43.2140007019043,42.18000030517578,42.50299835205078,42.46980285644531,355881000.0,,,NVDA,0.0095004465277874,0.3214285714285714,0.4285714285714285,0.1428571428571428,0.2142857142857142,0.1071428571428571,0.3571428571428571,0.0357142857142857,0.3928571428571428,0.9285714285714286,0.4642857142857143,0.4642857142857143,0.6532714285714285,0.1874285714285714,0.0270428571428571,0.034675,0.0975928571428571,0.0593392857142857,0.8178821428571429,0.1227928571428571,0.0634535714285714,28.0,0.2,0.3333333333333333,0.1,0.1333333333333333,0.2,0.1,0.0666666666666666,0.5,0.7,0.2666666666666666,0.4333333333333333,0.6637666666666667,0.2174033333333333,0.03049,0.0237333333333333,0.0646033333333333,0.1557366666666667,0.7663766666666666,0.0778733333333333,-0.0778633333333333,30.0,0.0004250619149908,-0.002524644405729,-0.0395077508585076
2023-07-10,42.65700149536133,42.81100082397461,41.64899826049805,42.18000030517578,42.14705657958984,353908000.0,,,NVDA,-0.0075994295981643,0.1886792452830188,0.2641509433962264,0.1132075471698113,0.1509433962264151,0.0377358490566037,0.1132075471698113,0.0377358490566037,0.2641509433962264,0.6981132075471698,0.3584905660377358,0.3396226415094339,0.7035056603773585,0.1887132075471698,0.026643396226415,0.0253698113207547,0.0557622641509433,0.1737264150943396,0.7261603773584906,0.1000981132075471,-0.0736283018867924,53.0,0.3214285714285714,0.4285714285714285,0.1428571428571428,0.2142857142857142,0.1071428571428571,0.3571428571428571,0.0357142857142857,0.3928571428571428,0.9285714285714286,0.4642857142857143,0.4642857142857143,0.6532714285714285,0.1874285714285714,0.0270428571428571,0.034675,0.0975928571428571,0.0593392857142857,0.8178821428571429,0.1227928571428571,0.0634535714285714,28.0,0.0208147467428834,0.0025310343674855,0.0161833966522495
2023-07-11,42.48099899291992,42.757999420166016,42.06700134277344,42.40499877929688,42.37187957763672,298244000.0,,,NVDA,0.005334251458873,0.073170731707317,0.2439024390243902,0.073170731707317,0.048780487804878,0.1463414634146341,0.073170731707317,0.1463414634146341,0.2682926829268293,0.6829268292682927,0.1707317073170731,0.5121951219512195,0.6008048780487805,0.2694463414634146,0.0240292682926829,0.0215,0.0841926829268292,0.1606829268292683,0.6799487804878049,0.1593658536585366,-0.0013170731707317,41.0,0.1886792452830188,0.2641509433962264,0.1132075471698113,0.1509433962264151,0.0377358490566037,0.1132075471698113,0.0377358490566037,0.2641509433962264,0.6981132075471698,0.3584905660377358,0.3396226415094339,0.7035056603773585,0.1887132075471698,0.026643396226415,0.0253698113207547,0.0557622641509433,0.1737264150943396,0.7261603773584906,0.1000981132075471,-0.0736283018867924,53.0,3.949444885642528e-05,0.0063684911500185,-0.0152620800858623
2023-07-12,43.03300094604492,43.935001373291016,42.777000427246094,43.902000427246094,43.86770248413086,481277000.0,,,NVDA,0.0353022552080417,0.1126760563380281,0.1971830985915492,0.0845070422535211,0.1267605633802817,0.0845070422535211,0.1408450704225352,0.0845070422535211,0.380281690140845,0.5211267605633803,0.2676056338028169,0.2535211267605634,0.5891647887323944,0.2324830985915492,0.0609507042253521,0.0305591549295774,0.0868436619718309,0.1103521126760563,0.7908774647887323,0.0987647887323943,-0.0115873239436619,71.0,0.073170731707317,0.2439024390243902,0.073170731707317,0.048780487804878,0.1463414634146341,0.073170731707317,0.1463414634146341,0.2682926829268293,0.6829268292682927,0.1707317073170731,0.5121951219512195,0.6008048780487805,0.2694463414634146,0.0240292682926829,0.0215,0.0841926829268292,0.1606829268292683,0.6799487804878049,0.1593658536585366,-0.0013170731707317,41.0,0.0186261228535915,0.0080460753424451,-0.0876010901191373
2023-07-13,44.51800155639648,46.15499877929688,44.492000579833984,45.97700119018555,45.94108200073242,478204000.0,,,NVDA,0.0472643744529728,0.12,0.3,0.02,0.14,0.14,0.16,0.12,0.28,0.58,0.38,0.2,0.612254,0.265524,0.031806,0.0256199999999999,0.0648,0.161916,0.752124,0.085968,-0.075948,50.0,0.1126760563380281,0.1971830985915492,0.0845070422535211,0.1267605633802817,0.0845070422535211,0.1408450704225352,0.0845070422535211,0.380281690140845,0.5211267605633803,0.2676056338028169,0.2535211267605634,0.5891647887323944,0.2324830985915492,0.0609507042253521,0.0305591549295774,0.0868436619718309,0.1103521126760563,0.7908774647887323,0.0987647887323943,-0.0115873239436619,71.0,0.0206586304394804,0.00793679916342,0.0051698445362948
2023-07-14,46.58300018310547,48.0880012512207,45.060001373291016,45.46900177001953,45.4334831237793,772075000.0,,,NVDA,-0.0110489099265235,0.2153846153846154,0.3230769230769231,0.0461538461538461,0.1076923076923077,0.1384615384615384,0.123076923076923,0.0923076923076923,0.4153846153846154,0.7384615384615385,0.3692307692307692,0.3692307692307692,0.6496430769230769,0.1991646153846153,0.0448523076923076,0.0273953846153846,0.0789461538461538,0.0968046153846153,0.8054276923076923,0.097776923076923,0.0009723076923076,65.0,0.12,0.3,0.02,0.14,0.14,0.16,0.12,0.28,0.58,0.38,0.2,0.612254,0.265524,0.031806,0.0256199999999999,0.0648,0.161916,0.752124,0.085968,-0.075948,50.0,-0.0125023763491146,-0.000622831738021,-0.0198383182145702
2023-07-17,46.28900146484375,46.49599838256836,45.262001037597656,46.46099853515625,46.42470932006836,510488000.0,,,NVDA,0.021817085729231,0.1294117647058823,0.3,0.0470588235294117,0.1647058823529411,0.1470588235294117,0.1352941176470588,0.1117647058823529,0.3117647058823529,0.5352941176470588,0.3058823529411765,0.2294117647058823,0.6526341176470588,0.2048582352941176,0.0379247058823529,0.0310264705882352,0.0735564705882352,0.1248223529411764,0.7891799999999999,0.0860005882352941,-0.0388217647058823,170.0,0.2153846153846154,0.3230769230769231,0.0461538461538461,0.1076923076923077,0.1384615384615384,0.123076923076923,0.0923076923076923,0.4153846153846154,0.7384615384615385,0.3692307692307692,0.3692307692307692,0.6496430769230769,0.1991646153846153,0.0448523076923076,0.0273953846153846,0.0789461538461538,0.0968046153846153,0.8054276923076923,0.097776923076923,0.0009723076923076,65.0,0.0239321057788319,0.0034722954774011,0.0104947067501552
2023-07-18,46.70100021362305,47.89599990844727,45.73400115966797,47.49399948120117,47.45690536499024,569164000.0,,,NVDA,0.0222337643043828,0.1511627906976744,0.4302325581395348,0.0813953488372093,0.2558139534883721,0.1627906976744186,0.1860465116279069,0.1860465116279069,0.3953488372093023,0.8488372093023255,0.3953488372093023,0.4534883720930232,0.6963313953488373,0.169160465116279,0.030263953488372,0.0335767441860465,0.070660465116279,0.1168488372093023,0.7597127906976745,0.1234406976744186,0.0065918604651162,86.0,0.1294117647058823,0.3,0.0470588235294117,0.1647058823529411,0.1470588235294117,0.1352941176470588,0.1117647058823529,0.3117647058823529,0.5352941176470588,0.3058823529411765,0.2294117647058823,0.6526341176470588,0.2048582352941176,0.0379247058823529,0.0310264705882352,0.0735564705882352,0.1248223529411764,0.7891799999999999,0.0860005882352941,-0.0388217647058823,170.0,0.0018471593732978,0.0074305447269706,-0.0133530680722562
2023-07-19,47.4640007019043,47.81800079345703,46.742000579833984,47.07699966430664,47.04022216796875,427502000.0,,,NVDA,-0.0087802437562413,0.1081081081081081,0.2837837837837837,0.0,0.1486486486486486,0.0945945945945946,0.1351351351351351,0.0675675675675675,0.3243243243243243,0.3513513513513513,0.2702702702702703,0.081081081081081,0.6512378378378378,0.1895621621621621,0.0368054054054054,0.0328351351351351,0.089554054054054,0.1015635135135135,0.7714783783783783,0.126954054054054,0.0253905405405405,74.0,0.1511627906976744,0.4302325581395348,0.0813953488372093,0.2558139534883721,0.1627906976744186,0.1860465116279069,0.1860465116279069,0.3953488372093023,0.8488372093023255,0.3953488372093023,0.4534883720930232,0.6963313953488373,0.169160465116279,0.030263953488372,0.0335767441860465,0.070660465116279,0.1168488372093023,0.7597127906976745,0.1234406976744186,0.0065918604651162,86.0,-0.0118718591640923,0.0022236363957626,0.0345864685376036
2023-07-20,46.50699996948242,47.08700180053711,45.0620002746582,45.52000045776367,45.48445129394531,537865000.0,,,NVDA,-0.0330732042137933,0.1269841269841269,0.2698412698412698,0.0476190476190476,0.1428571428571428,0.1746031746031746,0.1746031746031746,0.0952380952380952,0.3492063492063492,0.5396825396825397,0.3333333333333333,0.2063492063492063,0.6336650793650793,0.2170777777777778,0.0447650793650793,0.0287079365079365,0.0757761904761904,0.1403253968253968,0.7576507936507937,0.1020206349206349,-0.0383047619047619,63.0,0.1081081081081081,0.2837837837837837,0.0,0.1486486486486486,0.0945945945945946,0.1351351351351351,0.0675675675675675,0.3243243243243243,0.3513513513513513,0.2702702702702703,0.081081081081081,0.6512378378378378,0.1895621621621621,0.0368054054054054,0.0328351351351351,0.089554054054054,0.1015635135135135,0.7714783783783783,0.126954054054054,0.0253905405405405,74.0,-0.0363671589978945,-0.0066344523836808,0.0167150827333248
2023-07-21,45.78799819946289,45.86600112915039,44.09999847412109,44.30899810791016,44.274391174316406,963769000.0,,,NVDA,-0.0266038192218444,0.1964285714285714,0.375,0.1607142857142857,0.125,0.2142857142857142,0.125,0.0714285714285714,0.3928571428571428,0.8214285714285714,0.3035714285714285,0.5178571428571429,0.6671517857142858,0.1781267857142857,0.0392892857142857,0.0309696428571428,0.0844660714285714,0.1100910714285714,0.7603196428571428,0.1295928571428571,0.0195017857142857,56.0,0.1269841269841269,0.2698412698412698,0.0476190476190476,0.1428571428571428,0.1746031746031746,0.1746031746031746,0.0952380952380952,0.3492063492063492,0.5396825396825397,0.3333333333333333,0.2063492063492063,0.6336650793650793,0.2170777777777778,0.0447650793650793,0.0287079365079365,0.0757761904761904,0.1403253968253968,0.7576507936507937,0.1020206349206349,-0.0383047619047619,63.0,0.0090298458595683,0.0,-0.0278770118676897
2023-07-24,44.73099899291992,45.10900115966797,44.040000915527344,44.61199951171875,44.57715225219727,382516000.0,,,NVDA,0.0068382889035976,0.1808510638297872,0.3563829787234042,0.0957446808510638,0.1861702127659574,0.1382978723404255,0.1808510638297872,0.0904255319148936,0.4095744680851064,0.526595744680851,0.4148936170212766,0.1117021276595744,0.5860186170212766,0.2645909574468085,0.0493553191489361,0.0297595744680851,0.0702702127659574,0.1512952127659574,0.7631920212765957,0.0855159574468085,-0.0657792553191489,188.0,0.1964285714285714,0.375,0.1607142857142857,0.125,0.2142857142857142,0.125,0.0714285714285714,0.3928571428571428,0.8214285714285714,0.3035714285714285,0.5178571428571429,0.6671517857142858,0.1781267857142857,0.0392892857142857,0.0309696428571428,0.0844660714285714,0.1100910714285714,0.7603196428571428,0.1295928571428571,0.0195017857142857,56.0,-3.9211678901529545e-05,0.0044673214881141,0.0227940777387596
2023-07-25,44.94100189208984,46.18299865722656,44.92300033569336,45.67900085449219,45.6433219909668,348081000.0,,,NVDA,0.0239174035330391,0.1617647058823529,0.2647058823529412,0.0147058823529411,0.1911764705882352,0.1911764705882352,0.1617647058823529,0.1323529411764706,0.3529411764705882,0.6029411764705882,0.3235294117647059,0.2794117647058823,0.5905014705882353,0.2212705882352941,0.0411161764705882,0.0314691176470588,0.1156441176470588,0.0851426470588235,0.7903058823529412,0.1245676470588235,0.039425,68.0,0.1808510638297872,0.3563829787234042,0.0957446808510638,0.1861702127659574,0.1382978723404255,0.1808510638297872,0.0904255319148936,0.4095744680851064,0.526595744680851,0.4148936170212766,0.1117021276595744,0.5860186170212766,0.2645909574468085,0.0493553191489361,0.0297595744680851,0.0702702127659574,0.1512952127659574,0.7631920212765957,0.0855159574468085,-0.0657792553191489,188.0,0.0168218300433384,0.0027301466990385,-0.0035945500563154
2023-07-26,46.02099990844727,46.053001403808594,44.630001068115234,45.45199966430664,45.41650390625,364237000.0,,,NVDA,-0.0049693596965112,0.0714285714285714,0.2142857142857142,0.0142857142857142,0.0571428571428571,0.1285714285714285,0.0857142857142857,0.0714285714285714,0.2714285714285714,0.5571428571428572,0.2142857142857142,0.3428571428571428,0.6101228571428571,0.2424428571428571,0.0414914285714285,0.0266528571428571,0.0793,0.1671057142857142,0.7550614285714286,0.0778285714285714,-0.0892771428571428,70.0,0.1617647058823529,0.2647058823529412,0.0147058823529411,0.1911764705882352,0.1911764705882352,0.1617647058823529,0.1323529411764706,0.3529411764705882,0.6029411764705882,0.3235294117647059,0.2794117647058823,0.5905014705882353,0.2212705882352941,0.0411161764705882,0.0314691176470588,0.1156441176470588,0.0851426470588235,0.7903058823529412,0.1245676470588235,0.039425,68.0,-0.0138086947735586,0.0001537323274596,-0.0483405550425943
2023-07-27,46.51900100708008,47.39500045776367,45.75,45.900001525878906,45.86415100097656,455976000.0,,,NVDA,0.0098564851149838,0.0694444444444444,0.3055555555555556,0.0,0.0972222222222222,0.0277777777777777,0.1666666666666666,0.0555555555555555,0.2083333333333333,0.5416666666666666,0.3055555555555556,0.2361111111111111,0.6887402777777778,0.1831875,0.0287597222222222,0.0317638888888888,0.0675375,0.1538111111111111,0.7551208333333332,0.0910638888888888,-0.0627472222222222,72.0,0.0714285714285714,0.2142857142857142,0.0142857142857142,0.0571428571428571,0.1285714285714285,0.0857142857142857,0.0714285714285714,0.2714285714285714,0.5571428571428572,0.2142857142857142,0.3428571428571428,0.6101228571428571,0.2424428571428571,0.0414914285714285,0.0266528571428571,0.0793,0.1671057142857142,0.7550614285714286,0.0778285714285714,-0.0892771428571428,70.0,0.0188060611386129,-0.0066301442038676,0.0924943370614841
2023-07-28,46.667999267578125,47.027000427246094,46.38100051879883,46.75,46.71348190307617,331194000.0,,,NVDA,0.0185184045395612,0.1864406779661017,0.3559322033898305,0.0508474576271186,0.1186440677966101,0.2033898305084746,0.0508474576271186,0.1694915254237288,0.3389830508474576,0.6610169491525424,0.3389830508474576,0.3220338983050847,0.6134440677966101,0.2155864406779661,0.0320457627118644,0.0252254237288135,0.1137118644067796,0.1493118644067796,0.7483305084745763,0.1023542372881355,-0.046957627118644,59.0,0.0694444444444444,0.3055555555555556,0.0,0.0972222222222222,0.0277777777777777,0.1666666666666666,0.0555555555555555,0.2083333333333333,0.5416666666666666,0.3055555555555556,0.2361111111111111,0.6887402777777778,0.1831875,0.0287597222222222,0.0317638888888888,0.0675375,0.1538111111111111,0.7551208333333332,0.0910638888888888,-0.0627472222222222,72.0,0.0218324788049952,0.0097905252283401,-0.0749479483096602
2023-07-31,46.75400161743164,47.130001068115234,46.50600051879883,46.729000091552734,46.692501068115234,251055000.0,,,NVDA,-0.0004491387519446,0.1522842639593908,0.3451776649746192,0.0710659898477157,0.1725888324873096,0.1725888324873096,0.1472081218274111,0.1573604060913705,0.350253807106599,0.6802030456852792,0.3857868020304568,0.2944162436548223,0.6643918781725888,0.205992385786802,0.0318939086294416,0.0326177664974619,0.0651030456852791,0.1306619289340101,0.754997461928934,0.1143451776649746,-0.0163167512690355,197.0,0.1864406779661017,0.3559322033898305,0.0508474576271186,0.1186440677966101,0.2033898305084746,0.0508474576271186,0.1694915254237288,0.3389830508474576,0.6610169491525424,0.3389830508474576,0.3220338983050847,0.6134440677966101,0.2155864406779661,0.0320457627118644,0.0252254237288135,0.1137118644067796,0.1493118644067796,0.7483305084745763,0.1023542372881355,-0.046957627118644,59.0,0.0041456285670207,0.0019038125207966,0.022505640844104
2023-08-01,46.459999084472656,46.900001525878906,46.027000427246094,46.50699996948242,46.47067260742188,237858000.0,,,NVDA,-0.0047508369785064,0.3448275862068966,0.4310344827586206,0.2068965517241379,0.3275862068965517,0.2413793103448276,0.2413793103448276,0.0689655172413793,0.4827586206896552,0.9827586206896552,0.6896551724137931,0.293103448275862,0.6288862068965517,0.177051724137931,0.026751724137931,0.0339206896551724,0.1333793103448275,0.1527931034482758,0.7222310344827586,0.1249775862068965,-0.0278155172413793,58.0,0.1522842639593908,0.3451776649746192,0.0710659898477157,0.1725888324873096,0.1725888324873096,0.1472081218274111,0.1573604060913705,0.350253807106599,0.6802030456852792,0.3857868020304568,0.2944162436548223,0.6643918781725888,0.205992385786802,0.0318939086294416,0.0326177664974619,0.0651030456852791,0.1306619289340101,0.754997461928934,0.1143451776649746,-0.0163167512690355,197.0,0.0006351424749959,-0.0028615422415839,0.0220102852689645
2023-08-02,45.83100128173828,45.84000015258789,43.387001037597656,44.26900100708008,44.23442077636719,530142000.0,,,NVDA,-0.0481217874754311,0.0,0.0,0.0,0.0,0.0,0.0,0.0,0.0,2.0,0.0,2.0,0.1487,0.7604,0.0481,0.0194,0.0234,0.0959,0.8787,0.0254,-0.0705,1.0,0.3448275862068966,0.4310344827586206,0.2068965517241379,0.3275862068965517,0.2413793103448276,0.2413793103448276,0.0689655172413793,0.4827586206896552,0.9827586206896552,0.6896551724137931,0.293103448275862,0.6288862068965517,0.177051724137931,0.026751724137931,0.0339206896551724,0.1333793103448275,0.1527931034482758,0.7222310344827586,0.1249775862068965,-0.0278155172413793,58.0,-0.0382720624853983,-0.0139107735628232,0.1550610050316758
2023-08-03,43.79999923706055,45.11800003051758,43.79999923706055,44.51499938964844,44.48023223876953,324176000.0,,,NVDA,0.0055570177723152,0.0769230769230769,0.6923076923076923,0.0769230769230769,0.0769230769230769,0.3846153846153846,0.0769230769230769,0.0769230769230769,0.7692307692307693,1.3076923076923077,0.4615384615384615,0.8461538461538461,0.7345,0.1769769230769231,0.0349692307692307,0.0234076923076923,0.0301615384615384,0.4655230769230769,0.4021230769230769,0.1323307692307692,-0.3331923076923077,13.0,0.0,0.0,0.0,0.0,0.0,0.0,0.0,0.0,2.0,0.0,2.0,0.1487,0.7604,0.0481,0.0194,0.0234,0.0959,0.8787,0.0254,-0.0705,1.0,-0.0025622525060973,-0.0028658061760973,-0.0105655733176983
2023-08-04,44.98500061035156,45.641998291015625,44.39300155639648,44.68000030517578,44.64509582519531,362666000.0,,,NVDA,0.0037064461700828,0.3076923076923077,0.3846153846153846,0.0,0.1538461538461538,0.0769230769230769,0.2307692307692307,0.0769230769230769,0.3076923076923077,0.5384615384615384,0.4615384615384615,0.0769230769230769,0.6205307692307692,0.2946846153846154,0.0219615384615384,0.0253153846153846,0.0374846153846153,0.0586384615384615,0.7750846153846154,0.1662846153846153,0.1076461538461538,13.0,0.0769230769230769,0.6923076923076923,0.0769230769230769,0.0769230769230769,0.3846153846153846,0.0769230769230769,0.0769230769230769,0.7692307692307693,1.3076923076923077,0.4615384615384615,0.8461538461538461,0.7345,0.1769769230769231,0.0349692307692307,0.0234076923076923,0.0301615384615384,0.4655230769230769,0.4021230769230769,0.1323307692307692,-0.3331923076923077,13.0,-0.0015766564726626,-0.0045228088240739,0.0741206218291976
2023-08-07,45.11100006103516,45.540000915527344,44.5629997253418,45.41699981689453,45.38152694702149,322154000.0,,,NVDA,0.0164952299511154,0.2553191489361702,0.3191489361702128,0.0425531914893617,0.2127659574468085,0.0638297872340425,0.1489361702127659,0.1063829787234042,0.3829787234042553,0.851063829787234,0.5106382978723404,0.3404255319148936,0.6501468085106382,0.2182744680851064,0.0428361702127659,0.0261063829787234,0.062627659574468,0.0942744680851064,0.8039489361702128,0.1017787234042553,0.0075042553191489,47.0,0.3076923076923077,0.3846153846153846,0.0,0.1538461538461538,0.0769230769230769,0.2307692307692307,0.0769230769230769,0.3076923076923077,0.5384615384615384,0.4615384615384615,0.0769230769230769,0.6205307692307692,0.2946846153846154,0.0219615384615384,0.0253153846153846,0.0374846153846153,0.0586384615384615,0.7750846153846154,0.1662846153846153,0.1076461538461538,13.0,0.0105263071697843,0.0087284086213055,-0.0777777715810636
2023-08-08,44.85300064086914,45.242000579833984,44.055999755859375,44.66400146484375,44.62911605834961,353843000.0,,,NVDA,-0.016579673256703,0.125,0.46875,0.125,0.25,0.1875,0.21875,0.0625,0.53125,1.34375,0.25,1.09375,0.5675375,0.2597781249999999,0.031478125,0.051759375,0.08945,0.149709375,0.644359375,0.205940625,0.05623125,32.0,0.2553191489361702,0.3191489361702128,0.0425531914893617,0.2127659574468085,0.0638297872340425,0.1489361702127659,0.1063829787234042,0.3829787234042553,0.851063829787234,0.5106382978723404,0.3404255319148936,0.6501468085106382,0.2182744680851064,0.0428361702127659,0.0261063829787234,0.062627659574468,0.0942744680851064,0.8039489361702128,0.1017787234042553,0.0075042553191489,47.0,-0.0159140088170458,-0.0043484883971258,0.0139504950519
2023-08-09,44.27399826049805,44.3120002746582,42.13399887084961,42.55400085449219,42.5207633972168,586449000.0,,,NVDA,-0.047241640600192,0.0555555555555555,0.3333333333333333,0.0833333333333333,0.1944444444444444,0.1666666666666666,0.1944444444444444,0.1388888888888889,0.5,0.8611111111111112,0.3055555555555556,0.5555555555555556,0.6135222222222222,0.2493222222222222,0.0396361111111111,0.0437277777777777,0.0538027777777777,0.1453416666666666,0.7672055555555555,0.08745,-0.0578916666666666,36.0,0.125,0.46875,0.125,0.25,0.1875,0.21875,0.0625,0.53125,1.34375,0.25,1.09375,0.5675375,0.2597781249999999,0.031478125,0.051759375,0.08945,0.149709375,0.644359375,0.205940625,0.05623125,32.0,-0.0183471758996341,-0.006685242181787,-0.0018761559349974
2023-08-10,42.15999984741211,43.57400131225586,41.834999084472656,42.38800048828125,42.35489654541016,492705000.0,,,NVDA,-0.0039008436950473,0.08,0.16,0.0,0.04,0.04,0.0,0.08,0.28,0.6,0.12,0.48,0.711584,0.183196,0.021832,0.039692,0.043704,0.073652,0.8281440000000001,0.098188,0.024536,25.0,0.0555555555555555,0.3333333333333333,0.0833333333333333,0.1944444444444444,0.1666666666666666,0.1944444444444444,0.1388888888888889,0.5,0.8611111111111112,0.3055555555555556,0.5555555555555556,0.6135222222222222,0.2493222222222222,0.0396361111111111,0.0437277777777777,0.0538027777777777,0.1453416666666666,0.7672055555555555,0.08745,-0.0578916666666666,36.0,-0.0040336786724483,0.0003588750080096,-0.0068922090485168
2023-08-11,41.7509994506836,42.01800155639648,40.63899993896485,40.85499954223633,40.823089599609375,533085000.0,,,NVDA,-0.0361659942707801,0.1864406779661017,0.5084745762711864,0.0338983050847457,0.288135593220339,0.1016949152542373,0.1864406779661017,0.1694915254237288,0.4745762711864407,0.7627118644067796,0.3559322033898305,0.4067796610169492,0.6083440677966101,0.2258677966101694,0.0424559322033898,0.0467881355932203,0.0765542372881356,0.0770372881355932,0.7986966101694916,0.1242796610169491,0.0472423728813559,59.0,0.08,0.16,0.0,0.04,0.04,0.0,0.08,0.28,0.6,0.12,0.48,0.711584,0.183196,0.021832,0.039692,0.043704,0.073652,0.8281440000000001,0.098188,0.024536,25.0,-0.0242390757303605,-0.0005829361061072,-0.0637224103831965
2023-08-14,40.48600006103516,43.79999923706055,40.31100082397461,43.75299835205078,43.71883010864258,690286000.0,,,NVDA,0.0709338890670565,0.1330049261083744,0.2413793103448276,0.0689655172413793,0.1822660098522167,0.1083743842364532,0.1576354679802955,0.1280788177339901,0.3004926108374384,0.4729064039408867,0.3201970443349753,0.1527093596059113,0.5914389162561576,0.2470162561576354,0.0397270935960591,0.0292862068965517,0.0925364532019704,0.1556551724137931,0.7455615763546798,0.0987827586206896,-0.0568724137931034,203.0,0.1864406779661017,0.5084745762711864,0.0338983050847457,0.288135593220339,0.1016949152542373,0.1864406779661017,0.1694915254237288,0.4745762711864407,0.7627118644067796,0.3559322033898305,0.4067796610169492,0.6083440677966101,0.2258677966101694,0.0424559322033898,0.0467881355932203,0.0765542372881356,0.0770372881355932,0.7986966101694916,0.1242796610169491,0.0472423728813559,59.0,0.0288479668395214,0.0055198892406365,-0.0013477397276295
2023-08-15,44.560001373291016,45.26800155639648,43.709999084472656,43.93999862670898,43.90567398071289,676512000.0,,,NVDA,0.0042737619374992,0.0833333333333333,0.2222222222222222,0.0138888888888888,0.1388888888888889,0.1666666666666666,0.1666666666666666,0.0694444444444444,0.375,0.7638888888888888,0.3194444444444444,0.4444444444444444,0.5992138888888889,0.2200986111111111,0.0310958333333333,0.0387666666666666,0.1108458333333333,0.0908625,0.8033291666666666,0.1057972222222222,0.0149347222222222,72.0,0.1330049261083744,0.2413793103448276,0.0689655172413793,0.1822660098522167,0.1083743842364532,0.1576354679802955,0.1280788177339901,0.3004926108374384,0.4729064039408867,0.3201970443349753,0.1527093596059113,0.5914389162561576,0.2470162561576354,0.0397270935960591,0.0292862068965517,0.0925364532019704,0.1556551724137931,0.7455615763546798,0.0987827586206896,-0.0568724137931034,203.0,-0.0166958062817776,-0.0116487947367311,0.110661229650443
2023-08-16,44.52000045776367,44.67499923706055,43.40599822998047,43.48600006103516,43.4520378112793,527451000.0,,,NVDA,-0.0103320625400914,0.1935483870967742,0.4354838709677419,0.064516129032258,0.2258064516129032,0.1612903225806451,0.2580645161290322,0.1129032258064516,0.4193548387096774,0.5645161290322581,0.5161290322580645,0.0483870967741935,0.6654096774193549,0.1790129032258064,0.0417709677419354,0.0378241935483871,0.0759790322580645,0.1129096774193548,0.7821854838709678,0.1049032258064516,-0.0080064516129032,62.0,0.0833333333333333,0.2222222222222222,0.0138888888888888,0.1388888888888889,0.1666666666666666,0.1666666666666666,0.0694444444444444,0.375,0.7638888888888888,0.3194444444444444,0.4444444444444444,0.5992138888888889,0.2200986111111111,0.0310958333333333,0.0387666666666666,0.1108458333333333,0.0908625,0.8033291666666666,0.1057972222222222,0.0149347222222222,72.0,-0.0193552539935083,-0.007338206399477,0.0194411676775074
2023-08-17,43.970001220703125,44.0620002746582,43.0009994506836,43.34400177001953,43.31014633178711,452395000.0,,,NVDA,-0.0032654735344853,0.1285714285714285,0.2857142857142857,0.0428571428571428,0.1428571428571428,0.1285714285714285,0.1571428571428571,0.0857142857142857,0.3285714285714285,0.5428571428571428,0.4142857142857143,0.1285714285714285,0.6710957142857144,0.1689357142857142,0.0304714285714285,0.0391585714285714,0.0903371428571428,0.1251542857142857,0.7594985714285715,0.1153528571428571,-0.0098014285714285,70.0,0.1935483870967742,0.4354838709677419,0.064516129032258,0.2258064516129032,0.1612903225806451,0.2580645161290322,0.1129032258064516,0.4193548387096774,0.5645161290322581,0.5161290322580645,0.0483870967741935,0.6654096774193549,0.1790129032258064,0.0417709677419354,0.0378241935483871,0.0759790322580645,0.1129096774193548,0.7821854838709678,0.1049032258064516,-0.0080064516129032,62.0,-0.0097753496654755,-0.007619912760666,0.0661500987831502
2023-08-18,42.6349983215332,43.57799911499024,41.65999984741211,43.29899978637695,43.265174865722656,583768000.0,,,NVDA,-0.0010383586728139,0.1555555555555555,0.3777777777777777,0.0444444444444444,0.1333333333333333,0.0888888888888888,0.1333333333333333,0.1111111111111111,0.2888888888888888,0.6,0.2888888888888888,0.3111111111111111,0.6279066666666667,0.2460622222222222,0.0498222222222222,0.0305555555555555,0.0456555555555555,0.2500222222222222,0.6650488888888889,0.0849244444444444,-0.1650977777777778,45.0,0.1285714285714285,0.2857142857142857,0.0428571428571428,0.1428571428571428,0.1285714285714285,0.1571428571428571,0.0857142857142857,0.3285714285714285,0.5428571428571428,0.4142857142857143,0.1285714285714285,0.6710957142857144,0.1689357142857142,0.0304714285714285,0.0391585714285714,0.0903371428571428,0.1251542857142857,0.7594985714285715,0.1153528571428571,-0.0098014285714285,70.0,0.0053748476926356,0.0004812954160993,-0.0329793277091601
2023-08-21,44.49399948120117,47.06499862670898,44.22200012207031,46.96699905395508,46.93031311035156,692573000.0,,,NVDA,0.0847133579375096,0.1256544502617801,0.2146596858638743,0.0523560209424083,0.193717277486911,0.0890052356020942,0.1675392670157068,0.0890052356020942,0.2879581151832461,0.4973821989528796,0.3403141361256545,0.1570680628272251,0.6334130890052356,0.2208403141361256,0.0409047120418848,0.0287727748691099,0.0760712041884816,0.1374146596858638,0.7528685863874346,0.1097141361256544,-0.0277005235602094,191.0,0.1555555555555555,0.3777777777777777,0.0444444444444444,0.1333333333333333,0.0888888888888888,0.1333333333333333,0.1111111111111111,0.2888888888888888,0.6,0.2888888888888888,0.3111111111111111,0.6279066666666667,0.2460622222222222,0.0498222222222222,0.0305555555555555,0.0456555555555555,0.2500222222222222,0.6650488888888889,0.0849244444444444,-0.1650977777777778,45.0,0.0287296290862113,0.0065062333819971,-0.0098265944387885
2023-08-22,48.1349983215332,48.1870002746582,45.33300018310547,45.667999267578125,45.63233184814453,755293000.0,,,NVDA,-0.0276576305628937,0.1052631578947368,0.4298245614035088,0.0789473684210526,0.2456140350877192,0.1491228070175438,0.2105263157894736,0.1842105263157894,0.3859649122807017,0.7105263157894737,0.3508771929824561,0.3596491228070175,0.6038842105263158,0.1928315789473684,0.0367842105263157,0.0419535087719298,0.124548245614035,0.1216342105263157,0.7439447368421053,0.1344271929824561,0.0127929824561403,114.0,0.1256544502617801,0.2146596858638743,0.0523560209424083,0.193717277486911,0.0890052356020942,0.1675392670157068,0.0890052356020942,0.2879581151832461,0.4973821989528796,0.3403141361256545,0.1570680628272251,0.6334130890052356,0.2208403141361256,0.0409047120418848,0.0287727748691099,0.0760712041884816,0.1374146596858638,0.7528685863874346,0.1097141361256544,-0.0277005235602094,191.0,-0.0088168137441371,-0.0027085030252933,-0.0093403301372344
2023-08-23,45.86600112915039,47.20000076293945,45.20800018310547,47.11600112915039,47.07920837402344,779046000.0,,,NVDA,0.031707266915349,0.1666666666666666,0.3636363636363636,0.0606060606060606,0.1136363636363636,0.25,0.1742424242424242,0.053030303030303,0.5909090909090909,1.0227272727272727,0.3484848484848485,0.6742424242424242,0.6524249999999999,0.1596818181818181,0.0349901515151515,0.0524818181818181,0.1004212121212121,0.145505303030303,0.6028863636363636,0.2516113636363636,0.1061060606060606,132.0,0.1052631578947368,0.4298245614035088,0.0789473684210526,0.2456140350877192,0.1491228070175438,0.2105263157894736,0.1842105263157894,0.3859649122807017,0.7105263157894737,0.3508771929824561,0.3596491228070175,0.6038842105263158,0.1928315789473684,0.0367842105263157,0.0419535087719298,0.124548245614035,0.1216342105263157,0.7439447368421053,0.1344271929824561,0.0127929824561403,114.0,0.0204431421923489,0.0111377474538192,-0.0583382328329905
2023-08-24,50.21599960327149,50.26599884033203,47.15900039672852,47.16299819946289,47.126163482666016,1156044000.0,,,NVDA,0.000997364022554,0.1647058823529411,0.4470588235294118,0.0352941176470588,0.2705882352941176,0.0705882352941176,0.2235294117647059,0.0235294117647058,0.2823529411764706,0.5647058823529412,0.388235294117647,0.1764705882352941,0.6860023529411765,0.1977882352941176,0.0366423529411764,0.0261847058823529,0.0533788235294117,0.1749929411764705,0.7273552941176471,0.0976611764705882,-0.0773317647058823,85.0,0.1666666666666666,0.3636363636363636,0.0606060606060606,0.1136363636363636,0.25,0.1742424242424242,0.053030303030303,0.5909090909090909,1.0227272727272727,0.3484848484848485,0.6742424242424242,0.6524249999999999,0.1596818181818181,0.0349901515151515,0.0524818181818181,0.1004212121212121,0.145505303030303,0.6028863636363636,0.2516113636363636,0.1061060606060606,132.0,-0.0330494691217878,-0.0138591179732715,0.0763455103661656
2023-08-25,47.012001037597656,47.80500030517578,45.02399826049805,46.01800155639648,45.9820556640625,925341000.0,,,NVDA,-0.0242775506014688,0.3369565217391304,0.6304347826086957,0.0434782608695652,0.4130434782608695,0.2717391304347826,0.3260869565217391,0.3043478260869565,0.3260869565217391,0.8369565217391305,0.5217391304347826,0.3152173913043478,0.5499923913043478,0.2325108695652173,0.051591304347826,0.0623630434782608,0.1035597826086956,0.1399576086956521,0.7547576086956522,0.1052826086956521,-0.034675,92.0,0.1647058823529411,0.4470588235294118,0.0352941176470588,0.2705882352941176,0.0705882352941176,0.2235294117647059,0.0235294117647058,0.2823529411764706,0.5647058823529412,0.388235294117647,0.1764705882352941,0.6860023529411765,0.1977882352941176,0.0366423529411764,0.0261847058823529,0.0533788235294117,0.1749929411764705,0.7273552941176471,0.0976611764705882,-0.0773317647058823,85.0,0.0043009032060805,0.007049835339677,-0.0883721157175057
2023-08-28,46.48199844360352,46.97999954223633,44.88800048828125,46.834999084472656,46.79842376708984,685192000.0,,,NVDA,0.0177540584307842,0.1317829457364341,0.313953488372093,0.0891472868217054,0.1627906976744186,0.1627906976744186,0.189922480620155,0.1550387596899224,0.3333333333333333,0.5426356589147286,0.3372093023255814,0.2054263565891473,0.5600143410852713,0.2669492248062015,0.0513174418604651,0.0351313953488372,0.0865899224806201,0.1343298449612403,0.7475941860465116,0.1180732558139534,-0.0162565891472868,258.0,0.3369565217391304,0.6304347826086957,0.0434782608695652,0.4130434782608695,0.2717391304347826,0.3260869565217391,0.3043478260869565,0.3260869565217391,0.8369565217391305,0.5217391304347826,0.3152173913043478,0.5499923913043478,0.2325108695652173,0.051591304347826,0.0623630434782608,0.1035597826086956,0.1399576086956521,0.7547576086956522,0.1052826086956521,-0.034675,92.0,0.0126618857135993,0.0063413825986411,-0.0382653297061271
2023-08-29,46.66600036621094,49.08100128173828,46.39099884033203,48.78400039672852,48.74589157104492,701397000.0,,,NVDA,0.0416139614797157,0.0163934426229508,0.3114754098360656,0.0163934426229508,0.2131147540983606,0.1475409836065573,0.2131147540983606,0.1147540983606557,0.2459016393442623,0.6885245901639344,0.2622950819672131,0.4262295081967213,0.6436016393442623,0.2335475409836065,0.0278967213114754,0.0267606557377049,0.0682016393442623,0.1468770491803278,0.7283836065573771,0.1247360655737705,-0.0221409836065573,61.0,0.1317829457364341,0.313953488372093,0.0891472868217054,0.1627906976744186,0.1627906976744186,0.189922480620155,0.1550387596899224,0.3333333333333333,0.5426356589147286,0.3372093023255814,0.2054263565891473,0.5600143410852713,0.2669492248062015,0.0513174418604651,0.0351313953488372,0.0865899224806201,0.1343298449612403,0.7475941860465116,0.1180732558139534,-0.0162565891472868,258.0,0.0262674739194277,0.0144547949764735,-0.0417771961291952
2023-08-30,49.04399871826172,49.92699813842773,48.42499923706055,49.26399993896485,49.22552108764648,735206000.0,,,NVDA,0.0098393834053176,0.1237113402061855,0.3608247422680412,0.0721649484536082,0.1134020618556701,0.1237113402061855,0.1546391752577319,0.1546391752577319,0.3814432989690721,0.6597938144329897,0.2474226804123711,0.4123711340206185,0.6568298969072165,0.1938360824742268,0.0343762886597938,0.030620618556701,0.0843288659793814,0.1319340206185567,0.7488278350515465,0.1192309278350515,-0.0127030927835051,97.0,0.0163934426229508,0.3114754098360656,0.0163934426229508,0.2131147540983606,0.1475409836065573,0.2131147540983606,0.1147540983606557,0.2459016393442623,0.6885245901639344,0.2622950819672131,0.4262295081967213,0.6436016393442623,0.2335475409836065,0.0278967213114754,0.0267606557377049,0.0682016393442623,0.1468770491803278,0.7283836065573771,0.1247360655737705,-0.0221409836065573,61.0,0.0047149965370343,0.0041187675520859,-0.0394463461832534
2023-08-31,49.380001068115234,49.74399948120117,48.95800018310547,49.35499954223633,49.31645202636719,528570000.0,,,NVDA,0.0018472316130246,0.13,0.29,0.06,0.18,0.17,0.17,0.11,0.39,0.78,0.31,0.47,0.61471,0.252446,0.0549939999999999,0.02732,0.050532,0.1903699999999999,0.7124719999999999,0.097154,-0.093216,100.0,0.1237113402061855,0.3608247422680412,0.0721649484536082,0.1134020618556701,0.1237113402061855,0.1546391752577319,0.1546391752577319,0.3814432989690721,0.6597938144329897,0.2474226804123711,0.4123711340206185,0.6568298969072165,0.1938360824742268,0.0343762886597938,0.030620618556701,0.0843288659793814,0.1319340206185567,0.7488278350515465,0.1192309278350515,-0.0127030927835051,97.0,0.0069208553373913,-0.0014634534208136,-0.0223343239957304
2023-09-01,49.762001037597656,49.79999923706055,48.141998291015625,48.50899887084961,48.47110748291016,463830000.0,,,NVDA,-0.0171412279010878,0.3225806451612903,0.4193548387096774,0.1290322580645161,0.2580645161290322,0.1935483870967742,0.2903225806451613,0.032258064516129,0.6774193548387096,1.2903225806451613,0.6129032258064516,0.6774193548387096,0.8706838709677419,0.0539064516129032,0.0208935483870967,0.0228,0.0317258064516129,0.0977032258064516,0.7911935483870968,0.111116129032258,0.0134129032258064,31.0,0.13,0.29,0.06,0.18,0.17,0.17,0.11,0.39,0.78,0.31,0.47,0.61471,0.252446,0.0549939999999999,0.02732,0.050532,0.1903699999999999,0.7124719999999999,0.097154,-0.093216,100.0,0.0026044232601851,0.0018652877367872,-0.0353721114982343
2023-09-05,48.22299957275391,48.85100173950195,47.86000061035156,48.54800033569336,48.51008605957031,382653000.0,,,NVDA,0.0008041610494229,0.3218390804597701,0.367816091954023,0.057471264367816,0.264367816091954,0.1954022988505747,0.1954022988505747,0.2758620689655172,0.5747126436781609,0.7241379310344828,0.4942528735632184,0.2298850574712643,0.6617356321839081,0.1928574712643678,0.031419540229885,0.0401344827586206,0.0738528735632183,0.1598793103448275,0.6950195402298851,0.1451045977011494,-0.0147747126436781,87.0,0.3225806451612903,0.4193548387096774,0.1290322580645161,0.2580645161290322,0.1935483870967742,0.2903225806451613,0.032258064516129,0.6774193548387096,1.2903225806451613,0.6129032258064516,0.6774193548387096,0.8706838709677419,0.0539064516129032,0.0208935483870967,0.0228,0.0317258064516129,0.0977032258064516,0.7911935483870968,0.111116129032258,0.0134129032258064,31.0,-0.0003322055604865,-0.0043220128189112,0.0702826635270941
2023-09-06,48.44100189208984,48.54899978637695,46.58000183105469,47.06100082397461,47.02811813354492,468670000.0,0.004,,NVDA,-0.0305496865993092,0.2272727272727272,0.3181818181818182,0.0606060606060606,0.1363636363636363,0.106060606060606,0.1363636363636363,0.0757575757575757,0.1969696969696969,0.4696969696969697,0.3484848484848485,0.1212121212121212,0.6070484848484848,0.2290424242424242,0.0454545454545454,0.033480303030303,0.0849666666666666,0.2344560606060606,0.6775227272727273,0.0880257575757575,-0.146430303030303,66.0,0.3218390804597701,0.367816091954023,0.057471264367816,0.264367816091954,0.1954022988505747,0.1954022988505747,0.2758620689655172,0.5747126436781609,0.7241379310344828,0.4942528735632184,0.2298850574712643,0.6617356321839081,0.1928574712643678,0.031419540229885,0.0401344827586206,0.0738528735632183,0.1598793103448275,0.6950195402298851,0.1451045977011494,-0.0147747126436781,87.0,-0.007228692838281,-0.0067224004220436,0.0314061080082093
2023-09-07,45.525001525878906,46.34400177001953,45.152000427246094,46.24100112915039,46.20868682861328,433330000.0,,,NVDA,-0.017424284395236,0.075,0.2125,0.025,0.125,0.075,0.3,0.1625,0.25,0.4375,0.375,0.0625,0.62002,0.24618,0.0399425,0.03098875,0.06287125,0.18059,0.7450187500000001,0.07437875,-0.10621125,80.0,0.2272727272727272,0.3181818181818182,0.0606060606060606,0.1363636363636363,0.106060606060606,0.1363636363636363,0.0757575757575757,0.1969696969696969,0.4696969696969697,0.3484848484848485,0.1212121212121212,0.6070484848484848,0.2290424242424242,0.0454545454545454,0.033480303030303,0.0849666666666666,0.2344560606060606,0.6775227272727273,0.0880257575757575,-0.146430303030303,66.0,-0.0228878721890334,-0.0030702016186391,-0.0034602208577749
2023-09-08,45.94200134277344,46.60599899291992,45.27099990844727,45.571998596191406,45.540157318115234,473069000.0,,,NVDA,-0.0144676154286228,0.1,0.3333333333333333,0.0777777777777777,0.1,0.1555555555555555,0.1444444444444444,0.1444444444444444,0.4666666666666667,0.6888888888888889,0.3333333333333333,0.3555555555555555,0.6212044444444444,0.2236388888888889,0.0357211111111111,0.0337177777777777,0.0857122222222222,0.1316,0.7046988888888889,0.1637088888888889,0.0321088888888888,90.0,0.075,0.2125,0.025,0.125,0.075,0.3,0.1625,0.25,0.4375,0.375,0.0625,0.62002,0.24618,0.0399425,0.03098875,0.06287125,0.18059,0.7450187500000001,0.07437875,-0.10621125,80.0,-0.0051762520400412,0.001506162403172,-0.0388888528317571
2023-09-11,46.14799880981445,46.16299819946289,44.3120002746582,45.178001403808594,45.146427154541016,473966000.0,,,NVDA,-0.0086457796099356,0.1752577319587628,0.2474226804123711,0.0824742268041237,0.2164948453608247,0.1237113402061855,0.190721649484536,0.0979381443298969,0.3402061855670103,0.520618556701031,0.3865979381443299,0.134020618556701,0.5816268041237114,0.244169587628866,0.0463989690721649,0.034220618556701,0.0935860824742268,0.1660293814432989,0.7206216494845361,0.1133520618556701,-0.0526773195876288,194.0,0.1,0.3333333333333333,0.0777777777777777,0.1,0.1555555555555555,0.1444444444444444,0.1444444444444444,0.4666666666666667,0.6888888888888889,0.3333333333333333,0.3555555555555555,0.6212044444444444,0.2236388888888889,0.0357211111111111,0.0337177777777777,0.0857122222222222,0.1316,0.7046988888888889,0.1637088888888889,0.0321088888888888,90.0,-0.0005668126380885,0.0065765543362856,-0.0028901706222559
2023-09-12,44.73799896240234,45.67300033569336,44.53099822998047,44.869998931884766,44.83864212036133,349256000.0,,,NVDA,-0.0068174837651295,0.1125,0.3625,0.075,0.15,0.1375,0.175,0.1375,0.4,0.65,0.425,0.225,0.65035875,0.193585,0.0565875,0.0276125,0.07187125,0.143585,0.7138925,0.14252875,-0.00105625,80.0,0.1752577319587628,0.2474226804123711,0.0824742268041237,0.2164948453608247,0.1237113402061855,0.190721649484536,0.0979381443298969,0.3402061855670103,0.520618556701031,0.3865979381443299,0.134020618556701,0.5816268041237114,0.244169587628866,0.0463989690721649,0.034220618556701,0.0935860824742268,0.1660293814432989,0.7206216494845361,0.1133520618556701,-0.0526773195876288,194.0,-0.0084879115717103,-0.0054856362777964,0.0311593728665424
2023-09-13,44.59999847412109,45.93000030517578,44.50299835205078,45.48500061035156,45.453216552734375,398355000.0,,,NVDA,0.0137063569124893,0.1298701298701298,0.2207792207792207,0.1428571428571428,0.1298701298701298,0.0779220779220779,0.2077922077922078,0.1038961038961039,0.2337662337662337,0.5454545454545454,0.3896103896103896,0.1558441558441558,0.6539532467532467,0.2199324675324675,0.032325974025974,0.0229584415584415,0.0708493506493506,0.1920493506493506,0.6969896103896104,0.1109571428571428,-0.0810922077922078,77.0,0.1125,0.3625,0.075,0.15,0.1375,0.175,0.1375,0.4,0.65,0.425,0.225,0.65035875,0.193585,0.0565875,0.0276125,0.07187125,0.143585,0.7138925,0.14252875,-0.00105625,80.0,0.0051281616034157,0.0011659464572846,-0.0527055533469211
2023-09-14,45.95000076293945,45.98699951171875,45.13100051879883,45.58100128173828,45.54916000366211,370097000.0,,,NVDA,0.0021108176319364,0.1506849315068493,0.1917808219178082,0.0547945205479452,0.0547945205479452,0.1095890410958904,0.0821917808219178,0.1506849315068493,0.3287671232876712,0.6575342465753424,0.2876712328767123,0.3698630136986301,0.7111767123287671,0.1665602739726027,0.0319561643835616,0.0363273972602739,0.0539739726027397,0.1035424657534246,0.8052246575342465,0.0912301369863013,-0.0123123287671232,73.0,0.1298701298701298,0.2207792207792207,0.1428571428571428,0.1298701298701298,0.0779220779220779,0.2077922077922078,0.1038961038961039,0.2337662337662337,0.5454545454545454,0.3896103896103896,0.1558441558441558,0.6539532467532467,0.2199324675324675,0.032325974025974,0.0229584415584415,0.0708493506493506,0.1920493506493506,0.6969896103896104,0.1109571428571428,-0.0810922077922078,77.0,0.0071547513000251,0.0086223287540663,-0.0489614146754351
2023-09-15,45.34099960327149,45.5989990234375,43.80799865722656,43.900001525878906,43.86931991577149,506831000.0,,,NVDA,-0.0368797160640407,0.1168831168831168,0.3896103896103896,0.0909090909090909,0.2597402597402597,0.1168831168831168,0.1948051948051948,0.1428571428571428,0.2987012987012987,0.6103896103896104,0.4025974025974026,0.2077922077922078,0.5878363636363636,0.2300883116883116,0.0427753246753246,0.0455467532467532,0.0937545454545454,0.1188012987012987,0.7900012987012988,0.0911974025974026,-0.0276038961038961,77.0,0.1506849315068493,0.1917808219178082,0.0547945205479452,0.0547945205479452,0.1095890410958904,0.0821917808219178,0.1506849315068493,0.3287671232876712,0.6575342465753424,0.2876712328767123,0.3698630136986301,0.7111767123287671,0.1665602739726027,0.0319561643835616,0.0363273972602739,0.0539739726027397,0.1035424657534246,0.8052246575342465,0.0912301369863013,-0.0123123287671232,73.0,-0.0288601465794977,-0.012048228271881,0.0756630491512744
2023-09-18,42.74800109863281,44.242000579833984,42.0,43.96599960327149,43.935279846191406,500271000.0,,,NVDA,0.0015035548886228,0.1238095238095238,0.3047619047619048,0.0476190476190476,0.1238095238095238,0.1142857142857142,0.119047619047619,0.0523809523809523,0.3333333333333333,0.5666666666666667,0.3,0.2666666666666666,0.6323671428571429,0.2123142857142857,0.0397528571428571,0.0286985714285714,0.0868633333333333,0.1396842857142857,0.7564342857142857,0.10388,-0.0358042857142857,210.0,0.1168831168831168,0.3896103896103896,0.0909090909090909,0.2597402597402597,0.1168831168831168,0.1948051948051948,0.1428571428571428,0.2987012987012987,0.6103896103896104,0.4025974025974026,0.2077922077922078,0.5878363636363636,0.2300883116883116,0.0427753246753246,0.0455467532467532,0.0937545454545454,0.1188012987012987,0.7900012987012988,0.0911974025974026,-0.0276038961038961,77.0,0.0034081744581793,0.0005863452914065,0.0152284292043429
2023-09-19,43.83300018310547,43.96599960327149,43.00199890136719,43.52000045776367,43.48958587646485,373064000.0,,,NVDA,-0.0101443298252984,0.1525423728813559,0.9661016949152542,0.0677966101694915,0.3559322033898305,0.3559322033898305,0.2372881355932203,0.2542372881355932,0.559322033898305,1.3559322033898304,0.4745762711864407,0.8813559322033898,0.7133915254237289,0.1332966101694915,0.0222796610169491,0.0400355932203389,0.091,0.077864406779661,0.7533728813559322,0.1687525423728813,0.0908881355932203,59.0,0.1238095238095238,0.3047619047619048,0.0476190476190476,0.1238095238095238,0.1142857142857142,0.119047619047619,0.0523809523809523,0.3333333333333333,0.5666666666666667,0.3,0.2666666666666666,0.6323671428571429,0.2123142857142857,0.0397528571428571,0.0286985714285714,0.0868633333333333,0.1396842857142857,0.7564342857142857,0.10388,-0.0358042857142857,210.0,-0.0084294800560663,-0.0020737519004956,0.0078571183340889
2023-09-20,43.59999847412109,43.90299987792969,42.22299957275391,42.23899841308594,42.20948791503906,367108000.0,,,NVDA,-0.0294345861342988,0.0735294117647058,0.2352941176470588,0.0735294117647058,0.1029411764705882,0.2058823529411764,0.1617647058823529,0.1617647058823529,0.4558823529411764,0.6029411764705882,0.2352941176470588,0.3676470588235294,0.6116514705882353,0.2326882352941176,0.0501205882352941,0.0267676470588235,0.0787764705882353,0.1859735294117647,0.6870588235294117,0.1269661764705882,-0.0590073529411764,68.0,0.1525423728813559,0.9661016949152542,0.0677966101694915,0.3559322033898305,0.3559322033898305,0.2372881355932203,0.2542372881355932,0.559322033898305,1.3559322033898304,0.4745762711864407,0.8813559322033898,0.7133915254237289,0.1332966101694915,0.0222796610169491,0.0400355932203389,0.091,0.077864406779661,0.7533728813559322,0.1687525423728813,0.0908881355932203,59.0,-0.0164175078095621,-0.0091931809720419,0.0729979242882605
2023-09-21,41.58300018310547,42.09999847412109,40.97999954223633,41.016998291015625,40.98834228515625,450736000.0,,,NVDA,-0.0289305957073154,0.1209677419354838,0.5483870967741935,0.0564516129032258,0.1854838709677419,0.2419354838709677,0.2016129032258064,0.1774193548387097,0.4677419354838709,0.9919354838709676,0.3709677419354839,0.6209677419354839,0.5759201612903226,0.2287693548387096,0.0481693548387096,0.0396879032258064,0.1074540322580645,0.1615443548387097,0.6880322580645162,0.1504137096774193,-0.0111306451612903,124.0,0.0735294117647058,0.2352941176470588,0.0735294117647058,0.1029411764705882,0.2058823529411764,0.1617647058823529,0.1617647058823529,0.4558823529411764,0.6029411764705882,0.2352941176470588,0.3676470588235294,0.6116514705882353,0.2326882352941176,0.0501205882352941,0.0267676470588235,0.0787764705882353,0.1859735294117647,0.6870588235294117,0.1269661764705882,-0.0590073529411764,68.0,-0.0184538304338677,-0.0165284516501534,0.1585205097609572
2023-09-22,41.571998596191406,42.1150016784668,41.23099899291992,41.61000061035156,41.58092498779297,479236000.0,,,NVDA,0.0144573473724336,0.125,0.25,0.0625,0.2291666666666666,0.1666666666666666,0.1875,0.1041666666666666,0.2083333333333333,0.5208333333333334,0.3333333333333333,0.1875,0.5711270833333334,0.23924375,0.0633312499999999,0.031325,0.0949708333333333,0.1759312499999999,0.7069145833333333,0.1171583333333333,-0.0587729166666666,48.0,0.1209677419354838,0.5483870967741935,0.0564516129032258,0.1854838709677419,0.2419354838709677,0.2016129032258064,0.1774193548387097,0.4677419354838709,0.9919354838709676,0.3709677419354839,0.6209677419354839,0.5759201612903226,0.2287693548387096,0.0481693548387096,0.0396879032258064,0.1074540322580645,0.1615443548387097,0.6880322580645162,0.1504137096774193,-0.0111306451612903,124.0,0.0083293864826845,-0.0022484894694745,-0.01938427222583
2023-09-25,41.59099960327149,42.5359992980957,41.17699813842773,42.22200012207031,42.19249725341797,419091000.0,,,NVDA,0.0147080005027435,0.1647058823529411,0.3235294117647059,0.1176470588235294,0.2117647058823529,0.1705882352941176,0.2588235294117647,0.1176470588235294,0.3588235294117647,0.611764705882353,0.4470588235294118,0.1647058823529411,0.5926535294117646,0.2283494117647058,0.0621858823529411,0.0310941176470588,0.0857111764705882,0.1451447058823529,0.7397288235294118,0.1151282352941176,-0.0300164705882352,170.0,0.125,0.25,0.0625,0.2291666666666666,0.1666666666666666,0.1875,0.1041666666666666,0.2083333333333333,0.5208333333333334,0.3333333333333333,0.1875,0.5711270833333334,0.23924375,0.0633312499999999,0.031325,0.0949708333333333,0.1759312499999999,0.7069145833333333,0.1171583333333333,-0.0587729166666666,48.0,0.0073166547336369,0.0042051564516725,-0.0174419262268631
2023-09-26,42.0009994506836,42.81999969482422,41.65499877929688,41.9109992980957,41.8817138671875,402282000.0,,,NVDA,-0.0073658447937753,0.1,0.22,0.04,0.22,0.14,0.12,0.06,0.42,0.5,0.24,0.26,0.567936,0.288318,0.0503519999999999,0.025164,0.06822,0.216598,0.701552,0.0818479999999999,-0.13475,50.0,0.1647058823529411,0.3235294117647059,0.1176470588235294,0.2117647058823529,0.1705882352941176,0.2588235294117647,0.1176470588235294,0.3588235294117647,0.611764705882353,0.4470588235294118,0.1647058823529411,0.5926535294117646,0.2283494117647058,0.0621858823529411,0.0310941176470588,0.0857111764705882,0.1451447058823529,0.7397288235294118,0.1151282352941176,-0.0300164705882352,170.0,-0.0181570851387464,-0.0146912335905849,0.1207101160695029
2023-09-27,42.33000183105469,42.87200164794922,41.62900161743164,42.46799850463867,42.438323974609375,444935000.0,,,NVDA,0.0132900508605489,0.144927536231884,0.3188405797101449,0.0289855072463768,0.1884057971014492,0.144927536231884,0.1739130434782608,0.2463768115942029,0.3768115942028985,0.463768115942029,0.4057971014492754,0.0579710144927536,0.5946956521739131,0.2639666666666667,0.0353985507246376,0.0279623188405797,0.0779724637681159,0.1277869565217391,0.7297318840579711,0.1424724637681159,0.0146855072463768,69.0,0.1,0.22,0.04,0.22,0.14,0.12,0.06,0.42,0.5,0.24,0.26,0.567936,0.288318,0.0503519999999999,0.025164,0.06822,0.216598,0.701552,0.0818479999999999,-0.13475,50.0,0.0088175334804205,0.0003990644533449,-0.0380148469060721
2023-09-28,42.459999084472656,43.44599914550781,42.1150016784668,43.0890007019043,43.05888748168945,424663000.0,,,NVDA,0.0146227147766571,0.1346153846153846,0.3942307692307692,0.0769230769230769,0.2307692307692307,0.1153846153846153,0.1923076923076923,0.1346153846153846,0.4326923076923077,0.5769230769230769,0.4230769230769231,0.1538461538461538,0.6824413461538461,0.1817442307692307,0.0384903846153846,0.0343,0.0630317307692307,0.1628298076923077,0.7568028846153846,0.0803711538461538,-0.0824586538461538,104.0,0.144927536231884,0.3188405797101449,0.0289855072463768,0.1884057971014492,0.144927536231884,0.1739130434782608,0.2463768115942029,0.3768115942028985,0.463768115942029,0.4057971014492754,0.0579710144927536,0.5946956521739131,0.2639666666666667,0.0353985507246376,0.0279623188405797,0.0779724637681159,0.1277869565217391,0.7297318840579711,0.1424724637681159,0.0146855072463768,69.0,0.0185171243876978,0.0057975020017313,-0.0482985287557941
2023-09-29,43.82699966430664,44.14400100708008,43.30699920654297,43.499000549316406,43.46860122680664,397830000.0,,,NVDA,0.0095151957953261,0.0727272727272727,0.1818181818181818,0.0545454545454545,0.0909090909090909,0.0909090909090909,0.0727272727272727,0.0909090909090909,0.2181818181818181,0.4545454545454545,0.2181818181818181,0.2363636363636363,0.5927109090909091,0.2044399999999999,0.055630909090909,0.0376890909090909,0.1095381818181818,0.1703109090909091,0.7191054545454546,0.1105963636363636,-0.0597145454545454,55.0,0.1346153846153846,0.3942307692307692,0.0769230769230769,0.2307692307692307,0.1153846153846153,0.1923076923076923,0.1346153846153846,0.4326923076923077,0.5769230769230769,0.4230769230769231,0.1538461538461538,0.6824413461538461,0.1817442307692307,0.0384903846153846,0.0343,0.0630317307692307,0.1628298076923077,0.7568028846153846,0.0803711538461538,-0.0824586538461538,104.0,0.0036230859254695,-0.002426878626753,0.010380640345549
2023-10-02,44.02999877929688,45.17499923706055,43.86100006103516,44.78200149536133,44.75071334838867,433298000.0,,,NVDA,0.0294951317824179,0.1428571428571428,0.4095238095238095,0.0761904761904762,0.1333333333333333,0.1809523809523809,0.1523809523809524,0.1142857142857142,0.4095238095238095,0.8380952380952381,0.3142857142857143,0.5238095238095238,0.6575485714285714,0.1647123809523809,0.0412057142857142,0.0463447619047619,0.0901961904761904,0.1301847619047619,0.7525780952380953,0.1172371428571428,-0.012947619047619,105.0,0.0727272727272727,0.1818181818181818,0.0545454545454545,0.0909090909090909,0.0909090909090909,0.0727272727272727,0.0909090909090909,0.2181818181818181,0.4545454545454545,0.2181818181818181,0.2363636363636363,0.5927109090909091,0.2044399999999999,0.055630909090909,0.0376890909090909,0.1095381818181818,0.1703109090909091,0.7191054545454546,0.1105963636363636,-0.0597145454545454,55.0,0.0050460356112422,-0.0003977180997677,0.0051369948765045
2023-10-03,44.80799865722656,45.130001068115234,43.24599838256836,43.516998291015625,43.4865837097168,470850000.0,,,NVDA,-0.0282482567111389,0.2941176470588235,0.4705882352941176,0.1764705882352941,0.1176470588235294,0.1764705882352941,0.2352941176470588,0.0,0.8235294117647058,0.9411764705882352,0.6470588235294118,0.2941176470588235,0.4487,0.3056588235294117,0.0759294117647058,0.031235294117647,0.1384823529411764,0.2371058823529412,0.6615352941176471,0.1013529411764705,-0.1357529411764705,17.0,0.1428571428571428,0.4095238095238095,0.0761904761904762,0.1333333333333333,0.1809523809523809,0.1523809523809524,0.1142857142857142,0.4095238095238095,0.8380952380952381,0.3142857142857143,0.5238095238095238,0.6575485714285714,0.1647123809523809,0.0412057142857142,0.0463447619047619,0.0901961904761904,0.1301847619047619,0.7525780952380953,0.1172371428571428,-0.012947619047619,105.0,-0.0206916934741243,-0.0133861074549058,0.1232254401523627
2023-10-04,43.742000579833984,44.14300155639648,43.29199981689453,44.04100036621094,44.01022720336914,361821000.0,,,NVDA,0.0120414953068694,0.1875,0.25,0.0,0.1875,0.25,0.125,0.125,0.8125,0.9375,0.1875,0.75,0.5165625,0.2212875,0.0297,0.0413875,0.19105,0.104275,0.79859375,0.09713125,-0.0071437499999999,16.0,0.2941176470588235,0.4705882352941176,0.1764705882352941,0.1176470588235294,0.1764705882352941,0.2352941176470588,0.0,0.8235294117647058,0.9411764705882352,0.6470588235294118,0.2941176470588235,0.4487,0.3056588235294117,0.0759294117647058,0.031235294117647,0.1384823529411764,0.2371058823529412,0.6615352941176471,0.1013529411764705,-0.1357529411764705,17.0,0.0132778356709828,0.0072819447455521,-0.0606673772134717
2023-10-05,44.04999923706055,44.900001525878906,43.88800048828125,44.6879997253418,44.65677261352539,393483000.0,,,NVDA,0.0146907991901199,0.3846153846153846,0.3076923076923077,0.2307692307692307,0.3076923076923077,0.0,0.0,0.0769230769230769,0.0,0.3076923076923077,0.9230769230769232,-0.6153846153846154,0.6880846153846154,0.1462076923076923,0.0234153846153846,0.0506538461538461,0.0916230769230769,0.1616846153846154,0.6550307692307692,0.1832846153846153,0.0215999999999999,13.0,0.1875,0.25,0.0,0.1875,0.25,0.125,0.125,0.8125,0.9375,0.1875,0.75,0.5165625,0.2212875,0.0297,0.0413875,0.19105,0.104275,0.79859375,0.09713125,-0.0071437499999999,16.0,-0.0048476162457076,-0.0003767825160456,-0.0048439264239749
2023-10-06,44.19300079345703,45.78900146484375,44.0260009765625,45.762001037597656,45.730018615722656,434436000.0,,,NVDA,0.0240332191375649,0.4736842105263157,0.4736842105263157,0.0,0.3684210526315789,0.1578947368421052,0.3684210526315789,0.2105263157894736,0.3157894736842105,0.6842105263157895,0.4736842105263157,0.2105263157894736,0.7115684210526316,0.1276263157894737,0.0173736842105263,0.0288,0.1146157894736842,0.0595368421052631,0.8293736842105264,0.1110684210526315,0.0515315789473684,19.0,0.3846153846153846,0.3076923076923077,0.2307692307692307,0.3076923076923077,0.0,0.0,0.0769230769230769,0.0,0.3076923076923077,0.9230769230769232,-0.6153846153846154,0.6880846153846154,0.1462076923076923,0.0234153846153846,0.0506538461538461,0.0916230769230769,0.1616846153846154,0.6550307692307692,0.1832846153846153,0.0215999999999999,13.0,0.0214851978282983,0.0118728261663652,-0.0562465668497852
2023-10-09,44.84199905395508,45.60499954223633,44.36800003051758,45.27299880981445,45.24135971069336,409675000.0,,,NVDA,-0.0106857359743406,0.25,0.4411764705882353,0.0441176470588235,0.2205882352941176,0.1764705882352941,0.1764705882352941,0.0294117647058823,0.5441176470588235,0.7058823529411765,0.5,0.2058823529411764,0.6680235294117648,0.1765779411764706,0.033710294117647,0.0361367647058823,0.0855411764705882,0.1313588235294117,0.8006632352941176,0.0679794117647058,-0.0633794117647058,68.0,0.4736842105263157,0.4736842105263157,0.0,0.3684210526315789,0.1578947368421052,0.3684210526315789,0.2105263157894736,0.3157894736842105,0.6842105263157895,0.4736842105263157,0.2105263157894736,0.7115684210526316,0.1276263157894737,0.0173736842105263,0.0288,0.1146157894736842,0.0595368421052631,0.8293736842105264,0.1110684210526315,0.0515315789473684,19.0,-0.0024991643461593,0.0064020921089704,0.014326646938088
2023-10-10,45.310001373291016,46.25899887084961,45.0880012512207,45.79800033569336,45.76599884033203,368582000.0,,,NVDA,0.0115964492003246,0.173469387755102,0.5204081632653061,0.0816326530612244,0.1938775510204081,0.1428571428571428,0.1836734693877551,0.1938775510204081,0.5408163265306123,0.979591836734694,0.3469387755102041,0.6326530612244898,0.6622673469387754,0.1992224489795918,0.0342959183673469,0.0430326530612244,0.0611765306122449,0.1666214285714286,0.6903479591836734,0.143034693877551,-0.0235867346938775,98.0,0.25,0.4411764705882353,0.0441176470588235,0.2205882352941176,0.1764705882352941,0.1764705882352941,0.0294117647058823,0.5441176470588235,0.7058823529411765,0.5,0.2058823529411764,0.6680235294117648,0.1765779411764706,0.033710294117647,0.0361367647058823,0.0855411764705882,0.1313588235294117,0.8006632352941176,0.0679794117647058,-0.0633794117647058,68.0,0.0128189205966839,0.0052048666056285,-0.0378531100234076
2023-10-11,46.19599914550781,46.85900115966797,46.04999923706055,46.805999755859375,46.77328872680664,378137000.0,,,NVDA,0.0220095685005987,0.1794871794871795,0.3333333333333333,0.0256410256410256,0.0769230769230769,0.1538461538461538,0.0769230769230769,0.1025641025641025,0.4871794871794871,0.8717948717948718,0.282051282051282,0.5897435897435898,0.6148743589743589,0.2153743589743589,0.0418564102564102,0.0467282051282051,0.0811666666666666,0.1312128205128205,0.7813846153846153,0.0874153846153846,-0.0437974358974359,39.0,0.173469387755102,0.5204081632653061,0.0816326530612244,0.1938775510204081,0.1428571428571428,0.1836734693877551,0.1938775510204081,0.5408163265306123,0.979591836734694,0.3469387755102041,0.6326530612244898,0.6622673469387754,0.1992224489795918,0.0342959183673469,0.0430326530612244,0.0611765306122449,0.1666214285714286,0.6903479591836734,0.143034693877551,-0.0235867346938775,98.0,0.0075236346149125,0.0040963096478541,-0.055196740819555
2023-10-12,46.777000427246094,47.60900115966797,46.33000183105469,46.94499969482422,46.91219711303711,481325000.0,,,NVDA,0.0029698229483456,0.1363636363636363,0.3484848484848485,0.0303030303030303,0.1212121212121212,0.106060606060606,0.1515151515151515,0.1212121212121212,0.3484848484848485,0.6515151515151515,0.2878787878787879,0.3636363636363636,0.6836742424242425,0.1633621212121212,0.0315333333333333,0.047990909090909,0.0734378787878787,0.1208333333333333,0.7858939393939394,0.0932651515151515,-0.0275681818181818,66.0,0.1794871794871795,0.3333333333333333,0.0256410256410256,0.0769230769230769,0.1538461538461538,0.0769230769230769,0.1025641025641025,0.4871794871794871,0.8717948717948718,0.282051282051282,0.5897435897435898,0.6148743589743589,0.2153743589743589,0.0418564102564102,0.0467282051282051,0.0811666666666666,0.1312128205128205,0.7813846153846153,0.0874153846153846,-0.0437974358974359,39.0,0.0025572514979865,-0.0060963787070308,0.0372902657414346
2023-10-13,46.959999084472656,47.11600112915039,45.27999877929688,45.46099853515625,45.429229736328125,474115000.0,,,NVDA,-0.0316115523887253,0.1707317073170731,0.1829268292682926,0.1341463414634146,0.2682926829268293,0.0853658536585365,0.2195121951219512,0.048780487804878,0.5609756097560976,0.6829268292682927,0.4512195121951219,0.2317073170731707,0.6178024390243902,0.236440243902439,0.0487743902439024,0.0283158536585365,0.0686695121951219,0.1898841463414634,0.7120073170731707,0.0981073170731707,-0.0917768292682926,82.0,0.1363636363636363,0.3484848484848485,0.0303030303030303,0.1212121212121212,0.106060606060606,0.1515151515151515,0.1212121212121212,0.3484848484848485,0.6515151515151515,0.2878787878787879,0.3636363636363636,0.6836742424242425,0.1633621212121212,0.0315333333333333,0.047990909090909,0.0734378787878787,0.1208333333333333,0.7858939393939394,0.0932651515151515,-0.0275681818181818,66.0,-0.0272227686653132,-0.0049807815479627,0.157579333529668
2023-10-16,45.0629997253418,46.22499847412109,44.9119987487793,46.095001220703125,46.06278991699219,375099000.0,,,NVDA,0.0139460911915358,0.1275720164609053,0.2962962962962963,0.0946502057613168,0.2263374485596707,0.176954732510288,0.2304526748971193,0.1687242798353909,0.3497942386831276,0.6419753086419753,0.3991769547325103,0.242798353909465,0.5976123456790123,0.2113555555555555,0.045912757201646,0.034740329218107,0.1103823045267489,0.1522325102880658,0.7345008230452675,0.1132670781893004,-0.0389654320987654,243.0,0.1707317073170731,0.1829268292682926,0.1341463414634146,0.2682926829268293,0.0853658536585365,0.2195121951219512,0.048780487804878,0.5609756097560976,0.6829268292682927,0.4512195121951219,0.2317073170731707,0.6178024390243902,0.236440243902439,0.0487743902439024,0.0283158536585365,0.0686695121951219,0.1898841463414634,0.7120073170731707,0.0981073170731707,-0.0917768292682926,82.0,0.0141602121338875,0.0105212366340272,-0.1092132838344105
2023-10-17,44.0,44.75400161743164,42.47999954223633,43.9379997253418,43.90729522705078,812333000.0,,,NVDA,-0.0467947055275143,0.1142857142857142,0.3714285714285714,0.0761904761904762,0.1238095238095238,0.1428571428571428,0.1047619047619047,0.1333333333333333,0.3619047619047619,0.780952380952381,0.238095238095238,0.5428571428571428,0.6052495238095238,0.2085257142857143,0.0457009523809523,0.0476723809523809,0.0928504761904761,0.1749571428571428,0.6507114285714285,0.1743390476190476,-0.0006180952380952,105.0,0.1275720164609053,0.2962962962962963,0.0946502057613168,0.2263374485596707,0.176954732510288,0.2304526748971193,0.1687242798353909,0.3497942386831276,0.6419753086419753,0.3991769547325103,0.242798353909465,0.5976123456790123,0.2113555555555555,0.045912757201646,0.034740329218107,0.1103823045267489,0.1522325102880658,0.7345008230452675,0.1132670781893004,-0.0389654320987654,243.0,-0.0073016233109332,-4.5850583562434544e-05,0.0389308606586991
2023-10-18,42.59099960327149,43.21900177001953,41.82500076293945,42.19599914550781,42.16651153564453,627294000.0,,,NVDA,-0.0396467986106731,0.1888888888888888,0.3,0.0777777777777777,0.2,0.1555555555555555,0.2444444444444444,0.2333333333333333,0.3222222222222222,0.5777777777777777,0.5777777777777777,0.0,0.5424855555555556,0.2820266666666666,0.0567144444444444,0.0384688888888888,0.0803088888888888,0.1843033333333333,0.6717466666666667,0.1439566666666666,-0.0403466666666666,90.0,0.1142857142857142,0.3714285714285714,0.0761904761904762,0.1238095238095238,0.1428571428571428,0.1047619047619047,0.1333333333333333,0.3619047619047619,0.780952380952381,0.238095238095238,0.5428571428571428,0.6052495238095238,0.2085257142857143,0.0457009523809523,0.0476723809523809,0.0928504761904761,0.1749571428571428,0.6507114285714285,0.1743390476190476,-0.0006180952380952,105.0,-0.0180245009004933,-0.013325079368472,0.074944083640015
2023-10-19,42.81100082397461,43.297000885009766,41.88199996948242,42.10100173950195,42.07158660888672,501233000.0,,,NVDA,-0.0022511923159109,0.088235294117647,0.2941176470588235,0.0441176470588235,0.1617647058823529,0.088235294117647,0.2205882352941176,0.1029411764705882,0.1911764705882352,0.5735294117647058,0.2794117647058823,0.2941176470588235,0.6814544117647059,0.1605073529411764,0.0320529411764705,0.035925,0.0900720588235294,0.1395205882352941,0.7815500000000001,0.0789279411764705,-0.0605926470588235,68.0,0.1888888888888888,0.3,0.0777777777777777,0.2,0.1555555555555555,0.2444444444444444,0.2333333333333333,0.3222222222222222,0.5777777777777777,0.5777777777777777,0.0,0.5424855555555556,0.2820266666666666,0.0567144444444444,0.0384688888888888,0.0803088888888888,0.1843033333333333,0.6717466666666667,0.1439566666666666,-0.0403466666666666,90.0,-0.0154053610194456,-0.0087863413221871,0.113423537099768
2023-10-20,41.88999938964844,42.470001220703125,41.07799911499024,41.387001037597656,41.35808181762695,477266000.0,,,NVDA,-0.0169593031490058,0.1052631578947368,0.2631578947368421,0.0263157894736842,0.25,0.1052631578947368,0.2368421052631578,0.131578947368421,0.2763157894736842,0.5789473684210527,0.3157894736842105,0.2631578947368421,0.5524618421052632,0.2117578947368421,0.0676657894736842,0.0422947368421052,0.1258263157894736,0.1277657894736842,0.7542355263157895,0.1179947368421052,-0.0097710526315789,76.0,0.088235294117647,0.2941176470588235,0.0441176470588235,0.1617647058823529,0.088235294117647,0.2205882352941176,0.1029411764705882,0.1911764705882352,0.5735294117647058,0.2794117647058823,0.2941176470588235,0.6814544117647059,0.1605073529411764,0.0320529411764705,0.035925,0.0900720588235294,0.1395205882352941,0.7815500000000001,0.0789279411764705,-0.0605926470588235,68.0,-0.0144614747095601,-0.0122880766207881,0.0144859566106698
2023-10-23,41.229000091552734,43.24800109863281,40.94499969482422,42.97499847412109,42.94497299194336,478530000.0,,,NVDA,0.0383695544999882,0.0932203389830508,0.288135593220339,0.0423728813559322,0.1779661016949152,0.135593220338983,0.1313559322033898,0.1567796610169491,0.2754237288135593,0.5720338983050848,0.25,0.3220338983050847,0.6361618644067796,0.2145593220338983,0.0419966101694915,0.0251059322033898,0.082175,0.1414173728813559,0.7567402542372881,0.1018444915254237,-0.0395728813559322,236.0,0.1052631578947368,0.2631578947368421,0.0263157894736842,0.25,0.1052631578947368,0.2368421052631578,0.131578947368421,0.2763157894736842,0.5789473684210527,0.3157894736842105,0.2631578947368421,0.5524618421052632,0.2117578947368421,0.0676657894736842,0.0422947368421052,0.1258263157894736,0.1277657894736842,0.7542355263157895,0.1179947368421052,-0.0097710526315789,76.0,-0.0056854780021462,-0.0017331862026238,-0.0617226302048831
2023-10-24,43.07699966430664,43.696998596191406,42.69100189208984,43.66299819946289,43.63248825073242,401463000.0,,,NVDA,0.0160092139053864,0.1333333333333333,0.52,0.0533333333333333,0.16,0.2666666666666666,0.2133333333333333,0.1733333333333333,0.56,0.9066666666666666,0.3333333333333333,0.5733333333333334,0.6190213333333333,0.1772613333333333,0.0456053333333333,0.0477799999999999,0.1103266666666666,0.1056213333333333,0.725228,0.169144,0.0635226666666666,75.0,0.0932203389830508,0.288135593220339,0.0423728813559322,0.1779661016949152,0.135593220338983,0.1313559322033898,0.1567796610169491,0.2754237288135593,0.5720338983050848,0.25,0.3220338983050847,0.6361618644067796,0.2145593220338983,0.0419966101694915,0.0251059322033898,0.082175,0.1414173728813559,0.7567402542372881,0.1018444915254237,-0.0395728813559322,236.0,0.0135697737886855,0.007539412967386,-0.0687285944133321
2023-10-25,43.39799880981445,43.650001525878906,41.55500030517578,41.77899932861328,41.74980163574219,398379000.0,,,NVDA,-0.0431487336722913,0.175438596491228,0.2631578947368421,0.0526315789473684,0.2456140350877192,0.175438596491228,0.175438596491228,0.175438596491228,0.4385964912280701,0.7719298245614035,0.4210526315789473,0.3508771929824561,0.6403228070175438,0.193378947368421,0.049798245614035,0.0432771929824561,0.0732333333333333,0.1524754385964912,0.7331912280701754,0.1143298245614035,-0.0381456140350877,57.0,0.1333333333333333,0.52,0.0533333333333333,0.16,0.2666666666666666,0.2133333333333333,0.1733333333333333,0.56,0.9066666666666666,0.3333333333333333,0.5733333333333334,0.6190213333333333,0.1772613333333333,0.0456053333333333,0.0477799999999999,0.1103266666666666,0.1056213333333333,0.725228,0.169144,0.0635226666666666,75.0,-0.0404243766809807,-0.0143522495028491,0.0643121383691494
2023-10-26,41.85300064086914,42.25600051879883,39.880001068115234,40.32600021362305,40.29782104492188,541001000.0,,,NVDA,-0.034778143462537,0.1307692307692307,0.4692307692307692,0.0769230769230769,0.2230769230769231,0.1307692307692307,0.1846153846153846,0.1307692307692307,0.4461538461538462,0.8461538461538461,0.4230769230769231,0.4230769230769231,0.6179269230769231,0.2179261538461538,0.0465107692307692,0.0394330769230769,0.0782092307692307,0.2586376923076923,0.638843076923077,0.1025184615384615,-0.1561192307692307,130.0,0.175438596491228,0.2631578947368421,0.0526315789473684,0.2456140350877192,0.175438596491228,0.175438596491228,0.175438596491228,0.4385964912280701,0.7719298245614035,0.4210526315789473,0.3508771929824561,0.6403228070175438,0.193378947368421,0.049798245614035,0.0432771929824561,0.0732333333333333,0.1524754385964912,0.7331912280701754,0.1143298245614035,-0.0381456140350877,57.0,-0.005947245606088,-0.0119746847793869,0.0242694283386275
2023-10-27,41.130001068115234,41.20600128173828,40.01499938964844,40.5,40.4717025756836,416784000.0,,,NVDA,0.0043149114828786,0.0795454545454545,0.3409090909090909,0.0454545454545454,0.1477272727272727,0.1022727272727272,0.1363636363636363,0.125,0.2386363636363636,0.6136363636363636,0.2840909090909091,0.3295454545454545,0.608890909090909,0.2346602272727272,0.038325,0.0288840909090909,0.0892443181818181,0.1494647727272727,0.7545329545454545,0.0959977272727272,-0.0534670454545454,88.0,0.1307692307692307,0.4692307692307692,0.0769230769230769,0.2230769230769231,0.1307692307692307,0.1846153846153846,0.1307692307692307,0.4461538461538462,0.8461538461538461,0.4230769230769231,0.4230769230769231,0.6179269230769231,0.2179261538461538,0.0465107692307692,0.0394330769230769,0.0782092307692307,0.2586376923076923,0.638843076923077,0.1025184615384615,-0.1561192307692307,130.0,0.0107598201861451,-0.0045327678960916,0.0285299876151465
2023-10-30,41.08700180053711,41.76599884033203,40.48099899291992,41.1609992980957,41.132232666015625,388028000.0,,,NVDA,0.016320788311211,0.1059907834101382,0.271889400921659,0.0506912442396313,0.1889400921658986,0.0875576036866359,0.1336405529953917,0.0875576036866359,0.3271889400921659,0.4792626728110599,0.2857142857142857,0.1935483870967742,0.6191562211981566,0.2213700460829493,0.0457525345622119,0.0273622119815668,0.0863585253456221,0.1349718894009216,0.7598207373271889,0.1052110599078341,-0.0297608294930875,217.0,0.0795454545454545,0.3409090909090909,0.0454545454545454,0.1477272727272727,0.1022727272727272,0.1363636363636363,0.125,0.2386363636363636,0.6136363636363636,0.2840909090909091,0.3295454545454545,0.608890909090909,0.2346602272727272,0.038325,0.0288840909090909,0.0892443181818181,0.1494647727272727,0.7545329545454545,0.0959977272727272,-0.0534670454545454,88.0,-0.0133909416576496,0.0119558952573695,-0.0714621732510994
2023-10-31,40.45000076293945,40.87900161743164,39.22999954223633,40.77999877929688,40.751502990722656,517969000.0,,,NVDA,-0.0092562365477314,0.268041237113402,0.4845360824742268,0.134020618556701,0.2989690721649484,0.134020618556701,0.2474226804123711,0.1237113402061855,0.5670103092783505,0.8350515463917526,0.4948453608247423,0.3402061855670103,0.6256773195876288,0.1779072164948453,0.0504948453608247,0.0420567010309278,0.1038721649484536,0.2028659793814433,0.5953773195876289,0.2017505154639175,-0.0011154639175257,97.0,0.1059907834101382,0.271889400921659,0.0506912442396313,0.1889400921658986,0.0875576036866359,0.1336405529953917,0.0875576036866359,0.3271889400921659,0.4792626728110599,0.2857142857142857,0.1935483870967742,0.6191562211981566,0.2213700460829493,0.0457525345622119,0.0273622119815668,0.0863585253456221,0.1349718894009216,0.7598207373271889,0.1052110599078341,-0.0297608294930875,217.0,0.0091471675980936,0.0062802423883556,-0.0815190182456487
2023-11-01,40.88399887084961,42.38100051879883,40.86899948120117,42.32500076293945,42.29542922973633,437593000.0,,,NVDA,0.0378863630959858,0.2592592592592592,0.4444444444444444,0.074074074074074,0.074074074074074,0.2222222222222222,0.2222222222222222,0.1111111111111111,0.7407407407407407,1.4814814814814814,0.5925925925925926,0.8888888888888888,0.8209740740740741,0.0942962962962963,0.0176444444444444,0.025074074074074,0.0420259259259259,0.1263148148148148,0.7752444444444444,0.0984518518518518,-0.0278629629629629,27.0,0.268041237113402,0.4845360824742268,0.134020618556701,0.2989690721649484,0.134020618556701,0.2474226804123711,0.1237113402061855,0.5670103092783505,0.8350515463917526,0.4948453608247423,0.3402061855670103,0.6256773195876288,0.1779072164948453,0.0504948453608247,0.0420567010309278,0.1038721649484536,0.2028659793814433,0.5953773195876289,0.2017505154639175,-0.0011154639175257,97.0,0.0235313178090985,0.010664768860745,-0.0700109478029951
2023-11-02,43.32799911499024,43.88399887084961,42.89400100708008,43.50600051879883,43.4755973815918,409172000.0,,,NVDA,0.0279029713930822,0.2142857142857142,0.7857142857142857,0.0714285714285714,0.0714285714285714,0.2857142857142857,0.1428571428571428,0.2142857142857142,0.4285714285714285,1.1428571428571428,0.3571428571428571,0.7857142857142857,0.7031428571428571,0.2006928571428571,0.0211285714285714,0.0271071428571428,0.0479214285714285,0.0946785714285714,0.7103142857142857,0.195,0.1003214285714285,14.0,0.2592592592592592,0.4444444444444444,0.074074074074074,0.074074074074074,0.2222222222222222,0.2222222222222222,0.1111111111111111,0.7407407407407407,1.4814814814814814,0.5925925925925926,0.8888888888888888,0.8209740740740741,0.0942962962962963,0.0176444444444444,0.025074074074074,0.0420259259259259,0.1263148148148148,0.7752444444444444,0.0984518518518518,-0.0278629629629629,27.0,0.0227253117400123,0.0191644088315841,-0.0717250107662871
2023-11-03,44.02000045776367,45.30899810791016,43.72299957275391,45.005001068115234,44.97355651855469,424610000.0,,,NVDA,0.0344551708816116,0.1,0.3,0.0,0.1,0.1,0.1,0.1,0.3,0.5,0.2,0.3,0.71595,0.16336,0.02165,0.0208,0.07824,0.0257599999999999,0.90777,0.06647,0.0407099999999999,10.0,0.2142857142857142,0.7857142857142857,0.0714285714285714,0.0714285714285714,0.2857142857142857,0.1428571428571428,0.2142857142857142,0.4285714285714285,1.1428571428571428,0.3571428571428571,0.7857142857142857,0.7031428571428571,0.2006928571428571,0.0211285714285714,0.0271071428571428,0.0479214285714285,0.0946785714285714,0.7103142857142857,0.195,0.1003214285714285,14.0,0.0262798677660385,0.0091233254741356,-0.0478927207731704
2023-11-06,45.28499984741211,45.935001373291016,44.89899826049805,45.7509994506836,45.71902847290039,400733000.0,,,NVDA,0.0165757839062192,0.2037037037037037,0.4259259259259259,0.0925925925925925,0.1481481481481481,0.1851851851851851,0.074074074074074,0.1481481481481481,0.4814814814814814,0.9444444444444444,0.3148148148148148,0.6296296296296297,0.6944962962962963,0.1264944444444444,0.0264092592592592,0.0460018518518518,0.1065962962962962,0.1234925925925925,0.7904962962962963,0.0860148148148148,-0.0374777777777777,54.0,0.1,0.3,0.0,0.1,0.1,0.1,0.1,0.3,0.5,0.2,0.3,0.71595,0.16336,0.02165,0.0208,0.07824,0.0257599999999999,0.90777,0.06647,0.0407099999999999,10.0,-0.0018513927967921,0.002300517960583,-0.0013413483765277
2023-11-07,45.71900177001953,46.21799850463867,45.15800094604492,45.95500183105469,45.92289352416992,343165000.0,,,NVDA,0.004459085376024,0.1666666666666666,0.2222222222222222,0.1111111111111111,0.2777777777777778,0.2222222222222222,0.2777777777777778,0.2222222222222222,0.4444444444444444,0.4444444444444444,0.5555555555555556,-0.1111111111111111,0.5325333333333333,0.3732555555555555,0.0352333333333333,0.0176055555555555,0.0413611111111111,0.0976666666666666,0.8300055555555556,0.0723388888888889,-0.0253277777777777,18.0,0.2037037037037037,0.4259259259259259,0.0925925925925925,0.1481481481481481,0.1851851851851851,0.074074074074074,0.1481481481481481,0.4814814814814814,0.9444444444444444,0.3148148148148148,0.6296296296296297,0.6944962962962963,0.1264944444444444,0.0264092592592592,0.0460018518518518,0.1065962962962962,0.1234925925925925,0.7904962962962963,0.0860148148148148,-0.0374777777777777,54.0,0.0063661013193507,0.0028461034506033,-0.0053727281303878
2023-11-08,46.09999847412109,46.867000579833984,45.96799850463867,46.57400131225586,46.54145812988281,346719000.0,,,NVDA,0.0134696348214062,0.1111111111111111,0.3333333333333333,0.0555555555555555,0.1666666666666666,0.1666666666666666,0.1111111111111111,0.1666666666666666,0.5555555555555556,0.6111111111111112,0.4444444444444444,0.1666666666666666,0.6787166666666666,0.1883888888888888,0.0233166666666666,0.0221166666666666,0.0874611111111111,0.0966055555555555,0.6175833333333334,0.2858333333333333,0.1892277777777778,18.0,0.1666666666666666,0.2222222222222222,0.1111111111111111,0.2777777777777778,0.2222222222222222,0.2777777777777778,0.2222222222222222,0.4444444444444444,0.4444444444444444,0.5555555555555556,-0.1111111111111111,0.5325333333333333,0.3732555555555555,0.0352333333333333,0.0176055555555555,0.0413611111111111,0.0976666666666666,0.8300055555555556,0.0723388888888889,-0.0253277777777777,18.0,0.0010054300039992,0.0007323310805187,-0.0243079405909213
2023-11-09,47.46699905395508,48.22999954223633,46.75,46.95000076293945,46.91719055175781,540496000.0,,,NVDA,0.0080730694089223,0.12,0.24,0.08,0.16,0.08,0.2,0.28,0.16,0.52,0.52,0.0,0.529328,0.304668,0.081172,0.0363159999999999,0.048524,0.189856,0.738916,0.07124,-0.118616,25.0,0.1111111111111111,0.3333333333333333,0.0555555555555555,0.1666666666666666,0.1666666666666666,0.1111111111111111,0.1666666666666666,0.5555555555555556,0.6111111111111112,0.4444444444444444,0.1666666666666666,0.6787166666666666,0.1883888888888888,0.0233166666666666,0.0221166666666666,0.0874611111111111,0.0966055555555555,0.6175833333333334,0.2858333333333333,0.1892277777777778,18.0,-0.0047920183637587,-0.0077987345120877,0.058131499216304
2023-11-10,47.5,48.47200012207031,47.28300094604492,48.334999084472656,48.30121994018555,421245000.0,,,NVDA,0.0294994088979156,0.0681818181818181,0.2272727272727272,0.0681818181818181,0.3409090909090909,0.0909090909090909,0.25,0.1818181818181818,0.3409090909090909,0.6590909090909091,0.5227272727272727,0.1363636363636363,0.6413454545454546,0.2121090909090909,0.0525477272727272,0.0286613636363636,0.06535,0.2281159090909091,0.7177681818181818,0.0541113636363636,-0.1740045454545454,44.0,0.12,0.24,0.08,0.16,0.08,0.2,0.28,0.16,0.52,0.52,0.0,0.529328,0.304668,0.081172,0.0363159999999999,0.048524,0.189856,0.738916,0.07124,-0.118616,25.0,0.0403290880340612,0.0156048216406754,-0.0732504832147394
2023-11-13,48.31999969482422,49.11600112915039,48.0989990234375,48.619998931884766,48.58602523803711,384136000.0,,,NVDA,0.0058964410879116,0.1666666666666666,0.2333333333333333,0.0761904761904762,0.1714285714285714,0.1095238095238095,0.2142857142857142,0.1238095238095238,0.3857142857142857,0.6,0.3904761904761905,0.2095238095238095,0.6219214285714285,0.2288557142857142,0.0392214285714285,0.0272247619047619,0.0827804761904762,0.161527619047619,0.7302666666666666,0.1082114285714285,-0.0533161904761904,210.0,0.0681818181818181,0.2272727272727272,0.0681818181818181,0.3409090909090909,0.0909090909090909,0.25,0.1818181818181818,0.3409090909090909,0.6590909090909091,0.5227272727272727,0.1363636363636363,0.6413454545454546,0.2121090909090909,0.0525477272727272,0.0286613636363636,0.06535,0.2281159090909091,0.7177681818181818,0.0541113636363636,-0.1740045454545454,44.0,-0.0097422118708054,-0.0009531611917122,0.0416372723649414
2023-11-14,49.68000030517578,49.83399963378906,49.040000915527344,49.65599822998047,49.62130355834961,416954000.0,,,NVDA,0.0213081501365952,0.1851851851851851,0.4259259259259259,0.074074074074074,0.2685185185185185,0.1111111111111111,0.2222222222222222,0.3611111111111111,0.3703703703703703,0.7222222222222222,0.3981481481481481,0.324074074074074,0.6544935185185184,0.1684453703703703,0.0319046296296296,0.0571898148148148,0.0879675925925926,0.1080027777777777,0.7032898148148148,0.1887083333333333,0.0807055555555555,108.0,0.1666666666666666,0.2333333333333333,0.0761904761904762,0.1714285714285714,0.1095238095238095,0.2142857142857142,0.1238095238095238,0.3857142857142857,0.6,0.3904761904761905,0.2095238095238095,0.6219214285714285,0.2288557142857142,0.0392214285714285,0.0272247619047619,0.0827804761904762,0.161527619047619,0.7302666666666666,0.1082114285714285,-0.0533161904761904,210.0,0.0369835352697189,0.0194006271016695,-0.0406504317185353
2023-11-15,49.935001373291016,49.959999084472656,48.20000076293945,48.88800048828125,48.85383987426758,475497000.0,,,NVDA,-0.0154664152097409,0.1052631578947368,0.3859649122807017,0.0526315789473684,0.1052631578947368,0.175438596491228,0.0701754385964912,0.175438596491228,0.3684210526315789,0.5964912280701754,0.2105263157894736,0.3859649122807017,0.6601280701754386,0.1411473684210526,0.0278491228070175,0.0378438596491228,0.1330368421052631,0.0728771929824561,0.7748228070175439,0.152298245614035,0.0794210526315789,57.0,0.1851851851851851,0.4259259259259259,0.074074074074074,0.2685185185185185,0.1111111111111111,0.2222222222222222,0.3611111111111111,0.3703703703703703,0.7222222222222222,0.3981481481481481,0.324074074074074,0.6544935185185184,0.1684453703703703,0.0319046296296296,0.0571898148148148,0.0879675925925926,0.1080027777777777,0.7032898148148148,0.1887083333333333,0.0807055555555555,108.0,0.0072627532788627,0.0021170485874333,0.0014124617216946
2023-11-16,48.67900085449219,49.525001525878906,48.33000183105469,49.47999954223633,49.445430755615234,339756000.0,,,NVDA,0.0121094039459375,0.1264367816091954,0.3103448275862069,0.0344827586206896,0.1149425287356321,0.0689655172413793,0.1494252873563218,0.0689655172413793,0.367816091954023,0.6551724137931034,0.3103448275862069,0.3448275862068966,0.5505379310344828,0.253735632183908,0.0452068965517241,0.0532747126436781,0.0972574712643678,0.1849091954022988,0.7323701149425288,0.0827321839080459,-0.1021770114942528,87.0,0.1052631578947368,0.3859649122807017,0.0526315789473684,0.1052631578947368,0.175438596491228,0.0701754385964912,0.175438596491228,0.3684210526315789,0.5964912280701754,0.2105263157894736,0.3859649122807017,0.6601280701754386,0.1411473684210526,0.0278491228070175,0.0378438596491228,0.1330368421052631,0.0728771929824561,0.7748228070175439,0.152298245614035,0.0794210526315789,57.0,0.0004885023807561,0.0012230998892215,0.0098730173931897
2023-11-17,49.52399826049805,49.71699905395508,49.00699996948242,49.29800033569336,49.26355743408203,325205000.0,,,NVDA,-0.0036782634664892,0.1612903225806451,0.3870967741935484,0.064516129032258,0.1612903225806451,0.1612903225806451,0.2096774193548387,0.1612903225806451,0.3225806451612903,0.4193548387096774,0.4032258064516129,0.0161290322580645,0.5702274193548388,0.2304822580645161,0.0361774193548387,0.0470096774193548,0.1160919354838709,0.139266129032258,0.7557209677419355,0.1050209677419354,-0.0342451612903225,62.0,0.1264367816091954,0.3103448275862069,0.0344827586206896,0.1149425287356321,0.0689655172413793,0.1494252873563218,0.0689655172413793,0.367816091954023,0.6551724137931034,0.3103448275862069,0.3448275862068966,0.5505379310344828,0.253735632183908,0.0452068965517241,0.0532747126436781,0.0972574712643678,0.1849091954022988,0.7323701149425288,0.0827321839080459,-0.1021770114942528,87.0,0.0070310904626216,0.0012439133873205,-0.0363128153052476
2023-11-20,49.3120002746582,50.54800033569336,49.180999755859375,50.40900039672852,50.37377548217773,414120000.0,,,NVDA,0.0225362946957543,0.1880733944954128,0.2798165137614679,0.0596330275229357,0.2064220183486238,0.1055045871559633,0.1834862385321101,0.091743119266055,0.2798165137614679,0.5275229357798165,0.4174311926605504,0.110091743119266,0.6419339449541284,0.208290366972477,0.04505,0.0297133027522935,0.0750082568807339,0.1222784403669724,0.7746798165137615,0.103041743119266,-0.0192366972477064,218.0,0.1612903225806451,0.3870967741935484,0.064516129032258,0.1612903225806451,0.1612903225806451,0.2096774193548387,0.1612903225806451,0.3225806451612903,0.4193548387096774,0.4032258064516129,0.0161290322580645,0.5702274193548388,0.2304822580645161,0.0361774193548387,0.0470096774193548,0.1160919354838709,0.139266129032258,0.7557209677419355,0.1050209677419354,-0.0342451612903225,62.0,0.0147399468851709,0.0076976109280331,-0.0282608940530736
2023-11-21,50.1259994506836,50.516998291015625,49.22200012207031,49.94400024414063,49.90909957885742,565747000.0,,,NVDA,-0.0092245597808071,0.12,0.512,0.064,0.168,0.208,0.12,0.144,0.528,0.92,0.224,0.696,0.6977424,0.1531624,0.0279927999999999,0.0485576,0.072552,0.1033096,0.6201376000000001,0.2765544,0.1732448,125.0,0.1880733944954128,0.2798165137614679,0.0596330275229357,0.2064220183486238,0.1055045871559633,0.1834862385321101,0.091743119266055,0.2798165137614679,0.5275229357798165,0.4174311926605504,0.110091743119266,0.6419339449541284,0.208290366972477,0.04505,0.0297133027522935,0.0750082568807339,0.1222784403669724,0.7746798165137615,0.103041743119266,-0.0192366972477064,218.0,-0.0186924453363204,-0.0021792992973678,-0.0044742331562338
2023-11-22,49.85200119018555,50.334999084472656,47.68999862670898,48.71599960327149,48.68195343017578,899420000.0,,,NVDA,-0.0245876234802177,0.2068965517241379,0.3563218390804598,0.0459770114942528,0.1839080459770115,0.1149425287356321,0.2298850574712643,0.0919540229885057,0.3448275862068966,0.5287356321839081,0.3908045977011494,0.1379310344827586,0.5921425287356321,0.2193321839080459,0.051535632183908,0.0443206896551724,0.0926632183908046,0.1657701149425287,0.7313528735632183,0.102883908045977,-0.0628862068965517,87.0,0.12,0.512,0.064,0.168,0.208,0.12,0.144,0.528,0.92,0.224,0.696,0.6977424,0.1531624,0.0279927999999999,0.0485576,0.072552,0.1033096,0.6201376000000001,0.2765544,0.1732448,125.0,0.0031941524724967,0.003860567249645,-0.0374531824503928
2023-11-24,48.470001220703125,48.92100143432617,47.744998931884766,47.7760009765625,47.74262237548828,294645000.0,,,NVDA,-0.0192952621762554,0.1474358974358974,0.3012820512820512,0.0448717948717948,0.2051282051282051,0.0769230769230769,0.2371794871794871,0.1217948717948717,0.2179487179487179,0.5064102564102564,0.3717948717948718,0.1346153846153846,0.6411467948717949,0.199726923076923,0.0411775641025641,0.0299891025641025,0.0879583333333333,0.1382448717948718,0.7514141025641026,0.1103410256410256,-0.0279038461538461,156.0,0.2068965517241379,0.3563218390804598,0.0459770114942528,0.1839080459770115,0.1149425287356321,0.2298850574712643,0.0919540229885057,0.3448275862068966,0.5287356321839081,0.3908045977011494,0.1379310344827586,0.5921425287356321,0.2193321839080459,0.051535632183908,0.0443206896551724,0.0926632183908046,0.1657701149425287,0.7313528735632183,0.102883908045977,-0.0628862068965517,87.0,0.0007185180810644,0.0006154785911705,-0.0303502203692656
2023-11-27,47.79999923706055,48.52999877929688,47.652000427246094,48.242000579833984,48.208290100097656,395662000.0,,,NVDA,0.0097537106560039,0.1323529411764706,0.2794117647058823,0.0772058823529411,0.1801470588235294,0.125,0.1580882352941176,0.125,0.3125,0.5477941176470589,0.3051470588235294,0.2426470588235294,0.6403404411764706,0.1956930147058823,0.0410294117647058,0.0356716911764705,0.0872643382352941,0.1562007352941176,0.7484856617647059,0.0953117647058823,-0.0608889705882353,272.0,0.1474358974358974,0.3012820512820512,0.0448717948717948,0.2051282051282051,0.0769230769230769,0.2371794871794871,0.1217948717948717,0.2179487179487179,0.5064102564102564,0.3717948717948718,0.1346153846153846,0.6411467948717949,0.199726923076923,0.0411775641025641,0.0299891025641025,0.0879583333333333,0.1382448717948718,0.7514141025641026,0.1103410256410256,-0.0279038461538461,156.0,-0.0013969324874918,-0.0018009741054305,0.0184590322256958
2023-11-28,48.23600006103516,48.323001861572266,47.47299957275391,47.82099914550781,47.78758239746094,401491000.0,,,NVDA,-0.0087268746052427,0.0736842105263157,0.4210526315789473,0.031578947368421,0.2105263157894736,0.1894736842105263,0.1473684210526315,0.1157894736842105,0.4,0.631578947368421,0.2526315789473684,0.3789473684210526,0.5770347368421053,0.2032094736842105,0.0403410526315789,0.0717968421052631,0.1076221052631579,0.1331873684210526,0.7370431578947367,0.1297631578947368,-0.0034242105263157,95.0,0.1323529411764706,0.2794117647058823,0.0772058823529411,0.1801470588235294,0.125,0.1580882352941176,0.125,0.3125,0.5477941176470589,0.3051470588235294,0.2426470588235294,0.6403404411764706,0.1956930147058823,0.0410294117647058,0.0356716911764705,0.0872643382352941,0.1562007352941176,0.7484856617647059,0.0953117647058823,-0.0608889705882353,272.0,-0.0058476551818986,0.0009900922194836,0.0
2023-11-29,48.37900161743164,48.762001037597656,47.86000061035156,48.13999938964844,48.10636138916016,382005000.0,,,NVDA,0.0066707495065949,0.1397849462365591,0.3763440860215054,0.075268817204301,0.2150537634408602,0.064516129032258,0.2473118279569892,0.086021505376344,0.3440860215053763,0.5161290322580645,0.4193548387096774,0.0967741935483871,0.6292763440860215,0.2046150537634408,0.0408150537634408,0.0361903225806451,0.0891150537634408,0.1499483870967742,0.7678849462365592,0.0821666666666666,-0.0677817204301075,93.0,0.0736842105263157,0.4210526315789473,0.031578947368421,0.2105263157894736,0.1894736842105263,0.1473684210526315,0.1157894736842105,0.4,0.631578947368421,0.2526315789473684,0.3789473684210526,0.5770347368421053,0.2032094736842105,0.0403410526315789,0.0717968421052631,0.1076221052631579,0.1331873684210526,0.7370431578947367,0.1297631578947368,-0.0034242105263157,95.0,0.0108458105222131,-0.0007033553364585,0.0228526376235127
2023-11-30,48.02399826049805,48.11000061035156,46.422000885009766,46.77000045776367,46.73732376098633,526247000.0,,,NVDA,-0.028458557010764,0.135593220338983,0.2542372881355932,0.1186440677966101,0.1525423728813559,0.1525423728813559,0.1864406779661017,0.1186440677966101,0.4576271186440678,0.4745762711864407,0.3559322033898305,0.1186440677966101,0.5706694915254237,0.2668271186440678,0.0391050847457627,0.0307559322033898,0.0926406779661016,0.1551016949152542,0.6962491525423729,0.1486525423728813,-0.0064491525423728,59.0,0.1397849462365591,0.3763440860215054,0.075268817204301,0.2150537634408602,0.064516129032258,0.2473118279569892,0.086021505376344,0.3440860215053763,0.5161290322580645,0.4193548387096774,0.0967741935483871,0.6292763440860215,0.2046150537634408,0.0408150537634408,0.0361903225806451,0.0891150537634408,0.1499483870967742,0.7678849462365592,0.0821666666666666,-0.0677817204301075,93.0,-0.0069792395094481,0.0039373514282143,-0.0046224551662846
2023-12-01,46.525001525878906,47.20000076293945,46.1870002746582,46.76499938964844,46.73232269287109,369317000.0,,,NVDA,-0.000107003733051,0.3043478260869565,0.391304347826087,0.0869565217391304,0.1304347826086956,0.217391304347826,0.1739130434782608,0.0434782608695652,0.6956521739130435,1.4782608695652173,0.6086956521739131,0.8695652173913043,0.8289826086956522,0.0352130434782608,0.0156043478260869,0.0523869565217391,0.0678304347826087,0.116695652173913,0.8211782608695652,0.0621260869565217,-0.0545695652173913,23.0,0.135593220338983,0.2542372881355932,0.1186440677966101,0.1525423728813559,0.1525423728813559,0.1864406779661017,0.1186440677966101,0.4576271186440678,0.4745762711864407,0.3559322033898305,0.1186440677966101,0.5706694915254237,0.2668271186440678,0.0391050847457627,0.0307559322033898,0.0926406779661016,0.1551016949152542,0.6962491525423729,0.1486525423728813,-0.0064491525423728,59.0,0.0046920171599047,0.0059159078366446,-0.0224458173483396
2023-12-04,46.07699966430664,46.07699966430664,45.0099983215332,45.5099983215332,45.47819900512695,437543000.0,,,NVDA,-0.026836322602374,0.1830985915492957,0.5915492957746479,0.0704225352112676,0.1830985915492957,0.1408450704225352,0.1267605633802817,0.1549295774647887,0.5070422535211268,0.6619718309859155,0.323943661971831,0.3380281690140845,0.6879845070422534,0.1503422535211267,0.0318971830985915,0.0515225352112676,0.0782408450704225,0.1417464788732394,0.6885042253521126,0.1697521126760563,0.0280056338028169,71.0,0.3043478260869565,0.391304347826087,0.0869565217391304,0.1304347826086956,0.217391304347826,0.1739130434782608,0.0434782608695652,0.6956521739130435,1.4782608695652173,0.6086956521739131,0.8695652173913043,0.8289826086956522,0.0352130434782608,0.0156043478260869,0.0523869565217391,0.0678304347826087,0.116695652173913,0.8211782608695652,0.0621260869565217,-0.0545695652173913,23.0,-0.0112001584791195,-0.0052495045693052,0.0356294382571393
2023-12-05,45.46599960327149,46.59999847412109,45.27099990844727,46.56600189208984,46.537559509277344,371718000.0,0.004,,NVDA,0.0232938095026797,0.1111111111111111,0.1111111111111111,0.0,0.0,0.0,0.1111111111111111,0.0,0.4444444444444444,0.6666666666666666,0.2222222222222222,0.4444444444444444,0.6692111111111111,0.1200333333333333,0.0268555555555555,0.0477555555555555,0.1361555555555555,0.0467777777777777,0.8478,0.1054,0.0586222222222222,9.0,0.1830985915492957,0.5915492957746479,0.0704225352112676,0.1830985915492957,0.1408450704225352,0.1267605633802817,0.1549295774647887,0.5070422535211268,0.6619718309859155,0.323943661971831,0.3380281690140845,0.6879845070422534,0.1503422535211267,0.0318971830985915,0.0515225352112676,0.0782408450704225,0.1417464788732394,0.6885042253521126,0.1697521126760563,0.0280056338028169,71.0,-0.0056831538071916,-0.0001968947709133,-0.0175840629646701
2023-12-06,47.21500015258789,47.387001037597656,45.4119987487793,45.50299835205078,45.47520446777344,380590000.0,,,NVDA,-0.0228279061623788,0.0,0.4166666666666667,0.0,0.5,0.1666666666666666,0.4166666666666667,0.3333333333333333,0.4166666666666667,0.75,0.5833333333333334,0.1666666666666666,0.7205,0.1736583333333333,0.0404,0.0242833333333333,0.0411749999999999,0.0757166666666666,0.8602416666666667,0.0640666666666666,-0.01165,12.0,0.1111111111111111,0.1111111111111111,0.0,0.0,0.0,0.1111111111111111,0.0,0.4444444444444444,0.6666666666666666,0.2222222222222222,0.4444444444444444,0.6692111111111111,0.1200333333333333,0.0268555555555555,0.0477555555555555,0.1361555555555555,0.0467777777777777,0.8478,0.1054,0.0586222222222222,9.0,-0.0061690301613938,-0.0040298974911245,0.0093385122176437
2023-12-07,45.70000076293945,46.62900161743164,45.604000091552734,46.59600067138672,46.56753158569336,350823000.0,,,NVDA,0.0240202794182928,0.1,0.2,0.2,0.4,0.0,0.5,0.0,0.4,0.3,0.7,-0.4,0.5380900000000001,0.26078,0.03064,0.0481,0.12242,0.1349699999999999,0.78941,0.0756199999999999,-0.05935,10.0,0.0,0.4166666666666667,0.0,0.5,0.1666666666666666,0.4166666666666667,0.3333333333333333,0.4166666666666667,0.75,0.5833333333333334,0.1666666666666666,0.7205,0.1736583333333333,0.0404,0.0242833333333333,0.0411749999999999,0.0757166666666666,0.8602416666666667,0.0640666666666666,-0.01165,12.0,0.0268122202832823,0.0076304817995624,0.0069391018299884
2023-12-08,46.595001220703125,47.74100112915039,46.54999923706055,47.50600051879883,47.47697448730469,359224000.0,,,NVDA,0.0195295492512368,0.0952380952380952,0.3333333333333333,0.0476190476190476,0.0952380952380952,0.1904761904761904,0.0952380952380952,0.119047619047619,0.3333333333333333,0.6666666666666666,0.1904761904761904,0.4761904761904761,0.6372666666666666,0.2054904761904761,0.0350071428571428,0.0349833333333333,0.0872547619047619,0.0552142857142857,0.8268571428571428,0.1179166666666666,0.0627023809523809,42.0,0.1,0.2,0.2,0.4,0.0,0.5,0.0,0.4,0.3,0.7,-0.4,0.5380900000000001,0.26078,0.03064,0.0481,0.12242,0.1349699999999999,0.78941,0.0756199999999999,-0.05935,10.0,0.0078991325641257,0.0042991935276082,-0.0543644728433945
2023-12-11,47.49100112915039,47.53099822998047,45.83000183105469,46.62699890136719,46.598514556884766,509728000.0,,,NVDA,-0.0185028624908443,0.1089743589743589,0.2564102564102564,0.0448717948717948,0.1153846153846153,0.0769230769230769,0.0961538461538461,0.0641025641025641,0.2948717948717949,0.391025641025641,0.2884615384615384,0.1025641025641025,0.6374141025641026,0.2141237179487179,0.0432820512820512,0.0314782051282051,0.0737025641025641,0.1465737179487179,0.750475,0.102950641025641,-0.0436230769230769,156.0,0.0952380952380952,0.3333333333333333,0.0476190476190476,0.0952380952380952,0.1904761904761904,0.0952380952380952,0.119047619047619,0.3333333333333333,0.6666666666666666,0.1904761904761904,0.4761904761904761,0.6372666666666666,0.2054904761904761,0.0350071428571428,0.0349833333333333,0.0872547619047619,0.0552142857142857,0.8268571428571428,0.1179166666666666,0.0627023809523809,42.0,0.0341086632377227,0.0038895931064037,0.0226720424552626
2023-12-12,46.04600143432617,47.66600036621094,46.04600143432617,47.65700149536133,47.62789535522461,372387000.0,,,NVDA,0.0220904208670265,0.0833333333333333,0.5138888888888888,0.125,0.2638888888888889,0.1111111111111111,0.2083333333333333,0.1805555555555555,0.4583333333333333,0.9861111111111112,0.3611111111111111,0.625,0.7214486111111111,0.1304861111111111,0.0381847222222222,0.0409027777777777,0.0689833333333333,0.1479805555555555,0.6944458333333334,0.157575,0.0095944444444444,72.0,0.1089743589743589,0.2564102564102564,0.0448717948717948,0.1153846153846153,0.0769230769230769,0.0961538461538461,0.0641025641025641,0.2948717948717949,0.391025641025641,0.2884615384615384,0.1025641025641025,0.6374141025641026,0.2141237179487179,0.0432820512820512,0.0314782051282051,0.0737025641025641,0.1465737179487179,0.750475,0.102950641025641,-0.0436230769230769,156.0,0.0072082996671083,0.0045671296017071,-0.0443389085148466
2023-12-13,47.62900161743164,48.59400177001953,47.608001708984375,48.0880012512207,48.058624267578125,447792000.0,,,NVDA,0.0090436268313138,0.1645569620253164,0.2658227848101265,0.1012658227848101,0.2151898734177215,0.1265822784810126,0.189873417721519,0.1012658227848101,0.3670886075949367,0.6455696202531646,0.379746835443038,0.2658227848101265,0.5294683544303798,0.283559493670886,0.0465189873417721,0.038759493670886,0.1016949367088607,0.1744835443037974,0.7267759493670887,0.0987354430379746,-0.0757481012658227,79.0,0.0833333333333333,0.5138888888888888,0.125,0.2638888888888889,0.1111111111111111,0.2083333333333333,0.1805555555555555,0.4583333333333333,0.9861111111111112,0.3611111111111111,0.625,0.7214486111111111,0.1304861111111111,0.0381847222222222,0.0409027777777777,0.0689833333333333,0.1479805555555555,0.6944458333333334,0.157575,0.0095944444444444,72.0,0.0153986065303317,0.0137901091308236,0.0099419957409394
2023-12-14,48.38999938964844,48.66999816894531,47.422000885009766,48.34999847412109,48.32046508789063,391232000.0,,,NVDA,0.0054483627923813,0.0875,0.3625,0.05,0.275,0.25,0.1625,0.225,0.3875,0.5625,0.4125,0.15,0.73333625,0.140905,0.02983,0.028935,0.0670125,0.1466525,0.75085375,0.1024775,-0.044175,80.0,0.1645569620253164,0.2658227848101265,0.1012658227848101,0.2151898734177215,0.1265822784810126,0.189873417721519,0.1012658227848101,0.3670886075949367,0.6455696202531646,0.379746835443038,0.2658227848101265,0.5294683544303798,0.283559493670886,0.0465189873417721,0.038759493670886,0.1016949367088607,0.1744835443037974,0.7267759493670887,0.0987354430379746,-0.0757481012658227,79.0,0.0277215596081328,0.003209349351261,0.0237899894861119
2023-12-15,48.19400024414063,49.40399932861328,48.119998931884766,48.88999938964844,48.86013412475586,479948000.0,,,NVDA,0.0111685397870988,0.1578947368421052,0.2280701754385964,0.0526315789473684,0.0701754385964912,0.087719298245614,0.1228070175438596,0.1052631578947368,0.2982456140350877,0.543859649122807,0.3684210526315789,0.175438596491228,0.6820929824561404,0.1930543859649122,0.0410947368421052,0.0238719298245614,0.0598771929824561,0.0972175438596491,0.7944087719298246,0.1083701754385964,0.0111526315789473,57.0,0.0875,0.3625,0.05,0.275,0.25,0.1625,0.225,0.3875,0.5625,0.4125,0.15,0.73333625,0.140905,0.02983,0.028935,0.0670125,0.1466525,0.75085375,0.1024775,-0.044175,80.0,0.0037200835559236,-0.0016465001965407,-0.0160256263302152
2023-12-18,49.400001525878906,50.43299865722656,49.150001525878906,50.07699966430664,50.04640579223633,412587000.0,,,NVDA,0.0242789277747688,0.1020408163265306,0.3224489795918367,0.0408163265306122,0.1469387755102041,0.1183673469387755,0.1265306122448979,0.1387755102040816,0.3469387755102041,0.5469387755102041,0.2571428571428571,0.2897959183673469,0.587084081632653,0.2402738775510204,0.0420591836734693,0.0303677551020408,0.100214693877551,0.1542420408163265,0.7436759183673469,0.1020812244897959,-0.0521608163265306,245.0,0.1578947368421052,0.2280701754385964,0.0526315789473684,0.0701754385964912,0.087719298245614,0.1228070175438596,0.1052631578947368,0.2982456140350877,0.543859649122807,0.3684210526315789,0.175438596491228,0.6820929824561404,0.1930543859649122,0.0410947368421052,0.0238719298245614,0.0598771929824561,0.0972175438596491,0.7944087719298246,0.1083701754385964,0.0111526315789473,57.0,-0.0027751470023225,0.0056251321647491,0.0228013593431699
2023-12-19,49.42399978637695,49.70000076293945,48.89500045776367,49.604000091552734,49.57369995117188,464444000.0,,,NVDA,-0.0094453504418847,0.2714285714285714,0.3714285714285714,0.1,0.3,0.1428571428571428,0.2428571428571428,0.1428571428571428,0.3714285714285714,0.6571428571428571,0.5571428571428572,0.1,0.6083542857142857,0.23304,0.0665057142857142,0.0253228571428571,0.0667657142857142,0.2189028571428571,0.7184571428571429,0.0626471428571428,-0.1562557142857143,70.0,0.1020408163265306,0.3224489795918367,0.0408163265306122,0.1469387755102041,0.1183673469387755,0.1265306122448979,0.1387755102040816,0.3469387755102041,0.5469387755102041,0.2571428571428571,0.2897959183673469,0.587084081632653,0.2402738775510204,0.0420591836734693,0.0303677551020408,0.100214693877551,0.1542420408163265,0.7436759183673469,0.1020812244897959,-0.0521608163265306,245.0,0.0053366056016377,0.0060808672628895,-0.002388589621275
2023-12-20,49.65499877929688,49.999000549316406,48.09799957275391,48.11100006103516,48.08160781860352,397894000.0,,,NVDA,-0.0300984621692149,0.0958904109589041,0.3150684931506849,0.0410958904109589,0.136986301369863,0.1232876712328767,0.1095890410958904,0.1232876712328767,0.3972602739726027,0.6164383561643836,0.3972602739726027,0.2191780821917808,0.5939465753424658,0.2611424657534247,0.0481506849315068,0.0301232876712328,0.0666328767123287,0.169886301369863,0.7281657534246576,0.1019410958904109,-0.067945205479452,73.0,0.2714285714285714,0.3714285714285714,0.1,0.3,0.1428571428571428,0.2428571428571428,0.1428571428571428,0.3714285714285714,0.6571428571428571,0.5571428571428572,0.1,0.6083542857142857,0.23304,0.0665057142857142,0.0253228571428571,0.0667657142857142,0.2189028571428571,0.7184571428571429,0.0626471428571428,-0.1562557142857143,70.0,-0.0296441499267517,-0.013857315461203,0.0909816733932546
2023-12-21,48.81100082397461,49.095001220703125,48.41899871826172,48.9900016784668,48.9600715637207,300425000.0,,,NVDA,0.0182702655957625,0.1791044776119403,0.2238805970149253,0.044776119402985,0.2537313432835821,0.1940298507462686,0.1641791044776119,0.1044776119402985,0.2985074626865671,0.6268656716417911,0.3432835820895522,0.2835820895522388,0.643710447761194,0.1889507462686567,0.0388940298507462,0.0260238805970149,0.1024268656716418,0.1458089552238806,0.7093835820895522,0.1447970149253731,-0.0010119402985074,67.0,0.0958904109589041,0.3150684931506849,0.0410958904109589,0.136986301369863,0.1232876712328767,0.1095890410958904,0.1232876712328767,0.3972602739726027,0.6164383561643836,0.3972602739726027,0.2191780821917808,0.5939465753424658,0.2611424657534247,0.0481506849315068,0.0301232876712328,0.0666328767123287,0.169886301369863,0.7281657534246576,0.1019410958904109,-0.067945205479452,73.0,0.0276789707641154,0.0094819571669255,-0.0014630912693524
2023-12-22,49.19499969482422,49.382999420166016,48.46699905395508,48.83000183105469,48.80016708374024,252507000.0,,,NVDA,-0.0032660181015533,0.0677966101694915,0.2711864406779661,0.0677966101694915,0.1525423728813559,0.1186440677966101,0.135593220338983,0.1186440677966101,0.3220338983050847,0.4915254237288136,0.2711864406779661,0.2203389830508474,0.613935593220339,0.235028813559322,0.0408830508474576,0.0289440677966101,0.0812203389830508,0.1169271186440678,0.7786338983050848,0.1044440677966101,-0.0124830508474576,59.0,0.1791044776119403,0.2238805970149253,0.044776119402985,0.2537313432835821,0.1940298507462686,0.1641791044776119,0.1044776119402985,0.2985074626865671,0.6268656716417911,0.3432835820895522,0.2835820895522388,0.643710447761194,0.1889507462686567,0.0388940298507462,0.0260238805970149,0.1024268656716418,0.1458089552238806,0.7093835820895522,0.1447970149253731,-0.0010119402985074,67.0,0.0032037673499605,0.0020096736315229,-0.04542123830666
2023-12-26,48.96799850463867,49.59999847412109,48.959999084472656,49.27899932861328,49.2488899230957,244200000.0,,,NVDA,0.0091951086680801,0.194078947368421,0.3322368421052631,0.0526315789473684,0.1907894736842105,0.1282894736842105,0.1809210526315789,0.1480263157894736,0.3618421052631579,0.6151315789473685,0.4046052631578947,0.2105263157894736,0.5965217105263158,0.2434355263157895,0.0441710526315789,0.030497697368421,0.085372697368421,0.1332559210526315,0.7753105263157895,0.091435197368421,-0.0418207236842105,304.0,0.0677966101694915,0.2711864406779661,0.0677966101694915,0.1525423728813559,0.1186440677966101,0.135593220338983,0.1186440677966101,0.3220338983050847,0.4915254237288136,0.2711864406779661,0.2203389830508474,0.613935593220339,0.235028813559322,0.0408830508474576,0.0289440677966101,0.0812203389830508,0.1169271186440678,0.7786338983050848,0.1044440677966101,-0.0124830508474576,59.0,0.017670052106433,0.0042226082931333,-0.0030698359687461
2023-12-27,49.51100158691406,49.68000030517578,49.084999084472656,49.41699981689453,49.38681411743164,233648000.0,,,NVDA,0.0028005543790188,0.1272727272727272,0.2909090909090909,0.1,0.1454545454545454,0.0818181818181818,0.1363636363636363,0.1,0.3,0.5363636363636364,0.2818181818181818,0.2545454545454545,0.6535745454545455,0.2111836363636363,0.043010909090909,0.03382,0.05841,0.1613445454545454,0.7248009090909091,0.1138472727272727,-0.0474972727272727,110.0,0.194078947368421,0.3322368421052631,0.0526315789473684,0.1907894736842105,0.1282894736842105,0.1809210526315789,0.1480263157894736,0.3618421052631579,0.6151315789473685,0.4046052631578947,0.2105263157894736,0.5965217105263158,0.2434355263157895,0.0441710526315789,0.030497697368421,0.085372697368421,0.1332559210526315,0.7753105263157895,0.091435197368421,-0.0418207236842105,304.0,0.0025690891939296,0.0018080695834516,-0.0431100443271353
2023-12-28,49.64300155639648,49.88399887084961,49.4119987487793,49.52199935913086,49.49174880981445,246587000.0,,,NVDA,0.0021247511964084,0.1311475409836065,0.3770491803278688,0.0491803278688524,0.1475409836065573,0.0983606557377049,0.0655737704918032,0.1147540983606557,0.1475409836065573,0.6229508196721312,0.2131147540983606,0.4098360655737705,0.5618016393442623,0.2609065573770492,0.0508016393442622,0.0255721311475409,0.1009147540983606,0.1122459016393442,0.7355950819672131,0.152155737704918,0.0399098360655737,61.0,0.1272727272727272,0.2909090909090909,0.1,0.1454545454545454,0.0818181818181818,0.1363636363636363,0.1,0.3,0.5363636363636364,0.2818181818181818,0.2545454545454545,0.6535745454545455,0.2111836363636363,0.043010909090909,0.03382,0.05841,0.1613445454545454,0.7248009090909091,0.1138472727272727,-0.0474972727272727,110.0,-0.0018744980448698,0.0003776629382952,0.0032180177691847
2023-12-29,49.8129997253418,49.99700164794922,48.7509994506836,49.52199935913086,49.49174880981445,389293000.0,,,NVDA,0.0,0.1521739130434782,0.4130434782608695,0.0217391304347826,0.1847826086956521,0.108695652173913,0.1847826086956521,0.0978260869565217,0.3152173913043478,0.7282608695652174,0.3260869565217391,0.4021739130434782,0.6638608695652174,0.1778684782608695,0.044295652173913,0.0342576086956521,0.0797239130434782,0.1335934782608695,0.7790195652173912,0.0873880434782608,-0.0462054347826086,92.0,0.1311475409836065,0.3770491803278688,0.0491803278688524,0.1475409836065573,0.0983606557377049,0.0655737704918032,0.1147540983606557,0.1475409836065573,0.6229508196721312,0.2131147540983606,0.4098360655737705,0.5618016393442623,0.2609065573770492,0.0508016393442622,0.0255721311475409,0.1009147540983606,0.1122459016393442,0.7355950819672131,0.152155737704918,0.0399098360655737,61.0,-0.0073402684574493,-0.0028949148158422,-0.0016038859130222
2024-01-02,49.24399948120117,49.29499816894531,47.595001220703125,48.167999267578125,48.13856887817383,411254000.0,,,NVDA,-0.0273415258943584,0.1604938271604938,0.3786008230452675,0.0534979423868312,0.1522633744855967,0.2016460905349794,0.1440329218106996,0.1275720164609053,0.4320987654320987,0.7860082304526749,0.3662551440329218,0.419753086419753,0.6159246913580247,0.2309218106995884,0.0434991769547325,0.0321234567901234,0.0775378600823045,0.1550267489711934,0.7322502057613169,0.1127275720164609,-0.0422991769547325,243.0,0.1521739130434782,0.4130434782608695,0.0217391304347826,0.1847826086956521,0.108695652173913,0.1847826086956521,0.0978260869565217,0.3152173913043478,0.7282608695652174,0.3260869565217391,0.4021739130434782,0.6638608695652174,0.1778684782608695,0.044295652173913,0.0342576086956521,0.0797239130434782,0.1335934782608695,0.7790195652173912,0.0873880434782608,-0.0462054347826086,92.0,-0.0360180772052141,-0.0055964508355125,0.0602409647783175
2024-01-03,47.48500061035156,48.18399810791016,47.31999969482422,47.56900024414063,47.53993988037109,320896000.0,,,NVDA,-0.0124355379013804,0.0714285714285714,0.2857142857142857,0.0,0.1428571428571428,0.1428571428571428,0.0,0.1428571428571428,0.2857142857142857,0.9285714285714286,0.0714285714285714,0.8571428571428571,0.730592857142857,0.0964928571428571,0.0332714285714285,0.0338214285714285,0.1058285714285714,0.0185642857142857,0.8735285714285714,0.1079071428571428,0.0893428571428571,14.0,0.1604938271604938,0.3786008230452675,0.0534979423868312,0.1522633744855967,0.2016460905349794,0.1440329218106996,0.1275720164609053,0.4320987654320987,0.7860082304526749,0.3662551440329218,0.419753086419753,0.6159246913580247,0.2309218106995884,0.0434991769547325,0.0321234567901234,0.0775378600823045,0.1550267489711934,0.7322502057613169,0.1127275720164609,-0.0422991769547325,243.0,-0.0214820496171938,-0.0081665277979665,0.0636363761155731
2024-01-04,47.766998291015625,48.5,47.507999420166016,47.99800109863281,47.96868133544922,306535000.0,,,NVDA,0.0090185527402224,0.0,0.0909090909090909,0.0909090909090909,0.2727272727272727,0.0909090909090909,0.5454545454545454,0.1818181818181818,0.6363636363636364,0.4545454545454545,0.7272727272727273,-0.2727272727272727,0.5270181818181818,0.3017545454545454,0.0341272727272727,0.0718727272727272,0.0652181818181818,0.2758272727272727,0.5773818181818182,0.1468090909090909,-0.1290181818181818,11.0,0.0714285714285714,0.2857142857142857,0.0,0.1428571428571428,0.1428571428571428,0.0,0.1428571428571428,0.2857142857142857,0.9285714285714286,0.0714285714285714,0.8571428571428571,0.730592857142857,0.0964928571428571,0.0332714285714285,0.0338214285714285,0.1058285714285714,0.0185642857142857,0.8735285714285714,0.1079071428571428,0.0893428571428571,14.0,-0.0084095927563158,-0.0032212262064413,0.0064102672957566
2024-01-05,48.46200180053711,49.547000885009766,48.305999755859375,49.09700012207031,49.06700897216797,415039000.0,,,NVDA,0.0228967652672802,0.1764705882352941,0.2352941176470588,0.0,0.0588235294117647,0.1764705882352941,0.0588235294117647,0.0588235294117647,0.4117647058823529,0.9411764705882352,0.3529411764705882,0.5882352941176471,0.692664705882353,0.1744764705882353,0.0237647058823529,0.0432941176470588,0.0657823529411764,0.133035294117647,0.8010411764705881,0.0659294117647058,-0.0671058823529411,17.0,0.0,0.0909090909090909,0.0909090909090909,0.2727272727272727,0.0909090909090909,0.5454545454545454,0.1818181818181818,0.6363636363636364,0.4545454545454545,0.7272727272727273,-0.2727272727272727,0.5270181818181818,0.3017545454545454,0.0341272727272727,0.0718727272727272,0.0652181818181818,0.2758272727272727,0.5773818181818182,0.1468090909090909,-0.1290181818181818,11.0,0.0055487017436919,0.0013696387133315,-0.0552016791687092
2024-01-08,49.512001037597656,52.275001525878906,49.479000091552734,52.25299835205078,52.2210807800293,642510000.0,,,NVDA,0.0642809063346494,0.2207792207792207,0.6363636363636364,0.0389610389610389,0.3246753246753247,0.1688311688311688,0.1428571428571428,0.1428571428571428,0.4675324675324675,1.051948051948052,0.4285714285714285,0.6233766233766234,0.704725974025974,0.1283844155844155,0.0300090909090909,0.058925974025974,0.0779571428571428,0.0582545454545454,0.7631545454545455,0.1785935064935065,0.120338961038961,77.0,0.1764705882352941,0.2352941176470588,0.0,0.0588235294117647,0.1764705882352941,0.0588235294117647,0.0588235294117647,0.4117647058823529,0.9411764705882352,0.3529411764705882,0.5882352941176471,0.692664705882353,0.1744764705882353,0.0237647058823529,0.0432941176470588,0.0657823529411764,0.133035294117647,0.8010411764705881,0.0659294117647058,-0.0671058823529411,17.0,0.0325742638043327,0.0142760259077947,-0.0202247528126248
2024-01-09,52.4010009765625,54.32500076293945,51.68999862670898,53.13999938964844,53.107540130615234,773100000.0,,,NVDA,0.0169751245540086,0.1428571428571428,0.2857142857142857,0.0,0.0,0.2857142857142857,0.0,0.1428571428571428,0.7142857142857143,1.5714285714285714,0.0,1.5714285714285714,0.6377857142857143,0.2060285714285714,0.0538428571428571,0.0353857142857142,0.0669428571428571,0.0312,0.8478142857142857,0.1209714285714285,0.0897714285714285,7.0,0.2207792207792207,0.6363636363636364,0.0389610389610389,0.3246753246753247,0.1688311688311688,0.1428571428571428,0.1428571428571428,0.4675324675324675,1.051948051948052,0.4285714285714285,0.6233766233766234,0.704725974025974,0.1283844155844155,0.0300090909090909,0.058925974025974,0.0779571428571428,0.0582545454545454,0.7631545454545455,0.1785935064935065,0.120338961038961,77.0,0.0003396681075873,-0.0015171277458958,-0.0244648086154997
2024-01-10,53.61600112915039,54.59999847412109,53.48899841308594,54.34999847412109,54.31679534912109,533796000.0,,,NVDA,0.0227699346558276,0.0,0.0,0.0,0.1428571428571428,0.0,0.1428571428571428,0.0,0.7142857142857143,0.8571428571428571,0.1428571428571428,0.7142857142857143,0.5422857142857144,0.3036857142857143,0.1076285714285714,0.0216142857142857,0.0247571428571428,0.2858285714285714,0.5297,0.1844571428571428,-0.1013714285714285,7.0,0.1428571428571428,0.2857142857142857,0.0,0.0,0.2857142857142857,0.0,0.1428571428571428,0.7142857142857143,1.5714285714285714,0.0,1.5714285714285714,0.6377857142857143,0.2060285714285714,0.0538428571428571,0.0353857142857142,0.0669428571428571,0.0312,0.8478142857142857,0.1209714285714285,0.0897714285714285,7.0,-0.0033591174481024,0.0056554905213443,-0.0054859441412932
2024-01-11,54.999000549316406,55.34600067138672,53.560001373291016,54.821998596191406,54.78850936889648,596759000.0,,,NVDA,0.0086844965124222,0.2941176470588235,0.3529411764705882,0.0294117647058823,0.2058823529411764,0.088235294117647,0.1176470588235294,0.0588235294117647,0.3529411764705882,0.7058823529411765,0.4411764705882353,0.2647058823529412,0.6207058823529411,0.2555941176470588,0.0371088235294117,0.0334,0.0531970588235294,0.0317617647058823,0.8663411764705883,0.1018941176470588,0.0701323529411764,34.0,0.0,0.0,0.0,0.1428571428571428,0.0,0.1428571428571428,0.0,0.7142857142857143,0.8571428571428571,0.1428571428571428,0.7142857142857143,0.5422857142857144,0.3036857142857143,0.1076285714285714,0.0216142857142857,0.0247571428571428,0.2858285714285714,0.5297,0.1844571428571428,-0.1013714285714285,7.0,0.0036929946943939,-0.0004406592478169,-0.0197005522668779
2024-01-12,54.619998931884766,54.970001220703125,54.33000183105469,54.709999084472656,54.67657470703125,352994000.0,,,NVDA,-0.0020430317078269,0.3,0.2666666666666666,0.0666666666666666,0.1333333333333333,0.0333333333333333,0.1666666666666666,0.0,0.2333333333333333,0.4,0.4,0.0,0.6240566666666666,0.2163566666666666,0.06443,0.0266266666666666,0.0685533333333333,0.2095733333333333,0.7197566666666667,0.07067,-0.1389033333333333,30.0,0.2941176470588235,0.3529411764705882,0.0294117647058823,0.2058823529411764,0.088235294117647,0.1176470588235294,0.0588235294117647,0.3529411764705882,0.7058823529411765,0.4411764705882353,0.2647058823529412,0.6207058823529411,0.2555941176470588,0.0371088235294117,0.0334,0.0531970588235294,0.0317617647058823,0.8663411764705883,0.1018941176470588,0.0701323529411764,34.0,-0.0044117725094089,0.0006926475547639,0.0209003406472643
2024-01-16,55.01800155639648,56.834999084472656,54.900001525878906,56.38199996948242,56.34755325317383,449580000.0,,,NVDA,0.0305611416789737,0.110576923076923,0.4903846153846153,0.0961538461538461,0.2019230769230769,0.2211538461538461,0.1682692307692307,0.1394230769230769,0.625,1.0336538461538465,0.3221153846153846,0.7115384615384616,0.5809028846153846,0.1877384615384615,0.0338341346153846,0.0542466346153846,0.1432759615384615,0.0987971153846153,0.6545274038461538,0.2466740384615384,0.147876923076923,208.0,0.3,0.2666666666666666,0.0666666666666666,0.1333333333333333,0.0333333333333333,0.1666666666666666,0.0,0.2333333333333333,0.4,0.4,0.0,0.6240566666666666,0.2163566666666666,0.06443,0.0266266666666666,0.0685533333333333,0.2095733333333333,0.7197566666666667,0.07067,-0.1389033333333333,30.0,0.0141732364777207,-0.0036711486997771,0.0897638079089639
2024-01-17,56.34700012207031,56.47100067138672,54.7400016784668,56.053001403808594,56.01875686645508,474394000.0,,,NVDA,-0.0058351493141404,0.1428571428571428,0.673469387755102,0.1020408163265306,0.1836734693877551,0.1326530612244898,0.0918367346938775,0.2346938775510204,0.3877551020408163,0.8469387755102041,0.2448979591836734,0.6020408163265306,0.6428530612244898,0.1477,0.0413653061224489,0.0574714285714285,0.1106061224489795,0.0868765306122448,0.7219836734693877,0.1911397959183673,0.1042632653061224,98.0,0.110576923076923,0.4903846153846153,0.0961538461538461,0.2019230769230769,0.2211538461538461,0.1682692307692307,0.1394230769230769,0.625,1.0336538461538465,0.3221153846153846,0.7115384615384616,0.5809028846153846,0.1877384615384615,0.0338341346153846,0.0542466346153846,0.1432759615384615,0.0987971153846153,0.6545274038461538,0.2466740384615384,0.147876923076923,208.0,-0.0091634100817136,-0.0055586726848316,0.0686416039589059
2024-01-18,57.2599983215332,57.59999847412109,56.10699844360352,57.10699844360352,57.072113037109375,491650000.0,,,NVDA,0.0188036334537988,0.0961538461538461,0.3365384615384615,0.0576923076923076,0.0769230769230769,0.1057692307692307,0.125,0.1057692307692307,0.3173076923076923,0.4903846153846153,0.2596153846153846,0.2307692307692307,0.6422201923076922,0.1995855769230769,0.0356471153846153,0.0334634615384615,0.0890778846153846,0.1134615384615384,0.7988576923076922,0.0876855769230769,-0.0257759615384615,104.0,0.1428571428571428,0.673469387755102,0.1020408163265306,0.1836734693877551,0.1326530612244898,0.0918367346938775,0.2346938775510204,0.3877551020408163,0.8469387755102041,0.2448979591836734,0.6020408163265306,0.6428530612244898,0.1477,0.0413653061224489,0.0574714285714285,0.1106061224489795,0.0868765306122448,0.7219836734693877,0.1911397959183673,0.1042632653061224,98.0,0.0330113649595456,0.0088927990762148,-0.0446247362484386
2024-01-19,57.98899841308594,59.5,57.22499847412109,59.49100112915039,59.45465469360352,543501000.0,,,NVDA,0.0417461616489471,0.1904761904761904,0.3412698412698413,0.0952380952380952,0.1111111111111111,0.0952380952380952,0.1746031746031746,0.0952380952380952,0.2857142857142857,0.6190476190476191,0.373015873015873,0.246031746031746,0.6228214285714285,0.2201984126984127,0.0401650793650793,0.0393452380952381,0.0774714285714285,0.1446968253968254,0.7432349206349206,0.1120746031746031,-0.0326222222222222,126.0,0.0961538461538461,0.3365384615384615,0.0576923076923076,0.0769230769230769,0.1057692307692307,0.125,0.1057692307692307,0.3173076923076923,0.4903846153846153,0.2596153846153846,0.2307692307692307,0.6422201923076922,0.1995855769230769,0.0356471153846153,0.0334634615384615,0.0890778846153846,0.1134615384615384,0.7988576923076922,0.0876855769230769,-0.0257759615384615,104.0,0.0391116490958731,0.0124661650384709,-0.0587402630561758
2024-01-22,60.04899978637695,60.33100128173828,59.06999969482422,59.65399932861328,59.61756134033203,452955000.0,,,NVDA,0.0027400150176304,0.1730103806228373,0.3737024221453287,0.1072664359861591,0.1591695501730103,0.1453287197231834,0.2041522491349481,0.1453287197231834,0.3771626297577855,0.6782006920415224,0.4186851211072664,0.259515570934256,0.6431159169550174,0.2034979238754325,0.0454723183391003,0.027559169550173,0.0803570934256055,0.1189743944636678,0.7818851211072664,0.0991384083044982,-0.0198359861591695,289.0,0.1904761904761904,0.3412698412698413,0.0952380952380952,0.1111111111111111,0.0952380952380952,0.1746031746031746,0.0952380952380952,0.2857142857142857,0.6190476190476191,0.373015873015873,0.246031746031746,0.6228214285714285,0.2201984126984127,0.0401650793650793,0.0393452380952381,0.0774714285714285,0.1446968253968254,0.7432349206349206,0.1120746031746031,-0.0326222222222222,126.0,0.0032766024075101,0.0021142836343215,-0.0082707224642141
2024-01-23,59.56999969482422,59.90999984741211,58.584999084472656,59.87300109863281,59.836421966552734,294654000.0,,,NVDA,0.003671076463046,0.0991735537190082,0.3884297520661157,0.0743801652892562,0.1652892561983471,0.1735537190082644,0.1983471074380165,0.1074380165289256,0.4462809917355372,0.9421487603305784,0.2892561983471074,0.6528925619834711,0.6086652892561983,0.1795066115702479,0.0432669421487603,0.0459438016528925,0.1226123966942148,0.1362082644628099,0.6187900826446281,0.245000826446281,0.108792561983471,121.0,0.1730103806228373,0.3737024221453287,0.1072664359861591,0.1591695501730103,0.1453287197231834,0.2041522491349481,0.1453287197231834,0.3771626297577855,0.6782006920415224,0.4186851211072664,0.259515570934256,0.6431159169550174,0.2034979238754325,0.0454723183391003,0.027559169550173,0.0803570934256055,0.1189743944636678,0.7818851211072664,0.0991384083044982,-0.0198359861591695,289.0,0.0066311518460588,0.0029165084040065,-0.0485215625480588
2024-01-24,60.30400085449219,62.8489990234375,59.9379997253418,61.36199951171875,61.32451248168945,560271000.0,,,NVDA,0.0248693097987799,0.0659340659340659,0.5,0.0439560439560439,0.1373626373626373,0.1208791208791208,0.1318681318681318,0.0989010989010989,0.3846153846153846,0.6923076923076923,0.2252747252747252,0.467032967032967,0.6967769230769231,0.149326923076923,0.0319917582417582,0.0404478021978022,0.081454945054945,0.1131060439560439,0.7510890109890109,0.1358076923076923,0.0227016483516483,182.0,0.0991735537190082,0.3884297520661157,0.0743801652892562,0.1652892561983471,0.1735537190082644,0.1983471074380165,0.1074380165289256,0.4462809917355372,0.9421487603305784,0.2892561983471074,0.6528925619834711,0.6086652892561983,0.1795066115702479,0.0432669421487603,0.0459438016528925,0.1226123966942148,0.1362082644628099,0.6187900826446281,0.245000826446281,0.108792561983471,121.0,0.0145588049120142,0.0010931698517426,0.0470119636351449
2024-01-25,62.34999847412109,62.71900177001953,60.84999847412109,61.617000579833984,61.57936477661133,482777000.0,,,NVDA,0.0041557981402293,0.1782178217821782,0.4851485148514851,0.1089108910891089,0.1881188118811881,0.2178217821782178,0.2277227722772277,0.198019801980198,0.3465346534653465,0.6336633663366337,0.4257425742574257,0.2079207920792079,0.5884029702970297,0.2009455445544554,0.0433643564356435,0.0342881188118811,0.1329920792079208,0.156190099009901,0.6943960396039603,0.1494118811881188,-0.0067782178217821,101.0,0.0659340659340659,0.5,0.0439560439560439,0.1373626373626373,0.1208791208791208,0.1318681318681318,0.0989010989010989,0.3846153846153846,0.6923076923076923,0.2252747252747252,0.467032967032967,0.6967769230769231,0.149326923076923,0.0319917582417582,0.0404478021978022,0.081454945054945,0.1131060439560439,0.7510890109890109,0.1358076923076923,0.0227016483516483,182.0,-0.0027758638566084,0.0054388848677418,0.0235920439758521
2024-01-26,60.959999084472656,61.78300094604492,60.573001861572266,61.03099822998047,60.99370956420898,390309000.0,,,NVDA,-0.0095105757346947,0.125,0.296875,0.0625,0.15625,0.125,0.15625,0.09375,0.265625,0.609375,0.234375,0.375,0.561978125,0.2480625,0.0434703125,0.02936875,0.117115625,0.1340578124999999,0.7311796875,0.1347640625,0.0007062499999999,64.0,0.1782178217821782,0.4851485148514851,0.1089108910891089,0.1881188118811881,0.2178217821782178,0.2277227722772277,0.198019801980198,0.3465346534653465,0.6336633663366337,0.4257425742574257,0.2079207920792079,0.5884029702970297,0.2009455445544554,0.0433643564356435,0.0342881188118811,0.1329920792079208,0.156190099009901,0.6943960396039603,0.1494118811881188,-0.0067782178217821,101.0,-0.0269561508333052,-0.001270411102514,-0.0141263630541034
2024-01-29,61.23199844360352,62.48899841308594,60.90700149536133,62.46500015258789,62.42684173583984,348733000.0,,,NVDA,0.0234963930193847,0.1316725978647686,0.3451957295373665,0.0818505338078291,0.1494661921708185,0.1672597864768683,0.1601423487544484,0.092526690391459,0.3772241992882562,0.7153024911032029,0.3345195729537366,0.3807829181494662,0.5695733096085409,0.22568256227758,0.0520996441281138,0.0383750889679715,0.1142743772241993,0.1140341637010676,0.7742473309608541,0.1117202846975089,-0.0023138790035587,281.0,0.125,0.296875,0.0625,0.15625,0.125,0.15625,0.09375,0.265625,0.609375,0.234375,0.375,0.561978125,0.2480625,0.0434703125,0.02936875,0.117115625,0.1340578124999999,0.7311796875,0.1347640625,0.0007062499999999,64.0,0.0104053566511395,0.0079194816882011,0.0256410367058161
2024-01-30,62.900001525878906,63.49300003051758,62.2599983215332,62.77399826049805,62.73564910888672,410735000.0,,,NVDA,0.0049467082501724,0.208,0.344,0.104,0.216,0.192,0.16,0.184,0.328,0.592,0.384,0.208,0.611888,0.2134072,0.0591224,0.0341632,0.08142,0.158296,0.7026424,0.139064,-0.019232,125.0,0.1316725978647686,0.3451957295373665,0.0818505338078291,0.1494661921708185,0.1672597864768683,0.1601423487544484,0.092526690391459,0.3772241992882562,0.7153024911032029,0.3345195729537366,0.3807829181494662,0.5695733096085409,0.22568256227758,0.0520996441281138,0.0383750889679715,0.1142743772241993,0.1140341637010676,0.7742473309608541,0.1117202846975089,-0.0023138790035587,281.0,-0.0154472234531757,-0.0007735470031133,-0.0213235260087314
2024-01-31,61.43999862670898,62.26900100708008,60.70000076293945,61.527000427246094,61.48941040039063,453795000.0,,,NVDA,-0.0198649209213259,0.1371428571428571,0.5942857142857143,0.0628571428571428,0.16,0.2,0.1542857142857142,0.0857142857142857,0.4514285714285714,0.9142857142857144,0.2914285714285714,0.6228571428571429,0.547384,0.2381937142857143,0.044016,0.0473697142857142,0.1230388571428571,0.1307337142857143,0.6484731428571429,0.2207891428571428,0.0900554285714285,175.0,0.208,0.344,0.104,0.216,0.192,0.16,0.184,0.328,0.592,0.384,0.208,0.611888,0.2134072,0.0591224,0.0341632,0.08142,0.158296,0.7026424,0.139064,-0.019232,125.0,-0.0144787898709826,-0.016317300271938,0.0781367339643537
2024-02-01,62.09999847412109,63.19100189208984,61.650001525878906,63.027000427246094,62.98849487304688,369146000.0,,,NVDA,0.0243795551607164,0.2941176470588235,0.3823529411764705,0.0588235294117647,0.1176470588235294,0.1764705882352941,0.1764705882352941,0.0294117647058823,0.7058823529411765,1.2941176470588236,0.5882352941176471,0.7058823529411765,0.7698941176470588,0.1206117647058823,0.0189029411764705,0.0213676470588235,0.069235294117647,0.1246088235294117,0.8010264705882353,0.0743735294117647,-0.050235294117647,34.0,0.1371428571428571,0.5942857142857143,0.0628571428571428,0.16,0.2,0.1542857142857142,0.0857142857142857,0.4514285714285714,0.9142857142857144,0.2914285714285714,0.6228571428571429,0.547384,0.2381937142857143,0.044016,0.0473697142857142,0.1230388571428571,0.1307337142857143,0.6484731428571429,0.2207891428571428,0.0900554285714285,175.0,0.004948230586975,0.0130881210886439,-0.0327526309780258
2024-02-02,63.9739990234375,66.5999984741211,63.68999862670898,66.16000366210938,66.11958312988281,476578000.0,,,NVDA,0.0497088914911625,0.2666666666666666,0.1333333333333333,0.0666666666666666,0.1333333333333333,0.0666666666666666,0.1333333333333333,0.0666666666666666,0.4666666666666667,0.4,0.4,0.0,0.5753933333333333,0.2707199999999999,0.0378,0.0258866666666666,0.0902,0.1299066666666666,0.7766533333333333,0.09344,-0.0364666666666666,15.0,0.2941176470588235,0.3823529411764705,0.0588235294117647,0.1176470588235294,0.1764705882352941,0.1764705882352941,0.0294117647058823,0.7058823529411765,1.2941176470588236,0.5882352941176471,0.7058823529411765,0.7698941176470588,0.1206117647058823,0.0189029411764705,0.0213676470588235,0.069235294117647,0.1246088235294117,0.8010264705882353,0.0743735294117647,-0.050235294117647,34.0,0.0127683813262895,0.010527487795801,-0.0021613640290952
2024-02-05,68.2249984741211,69.49700164794922,67.20500183105469,69.33200073242188,69.2896499633789,680078000.0,,,NVDA,0.0479444467650216,0.1707317073170731,0.3414634146341463,0.0365853658536585,0.0853658536585365,0.1585365853658536,0.1463414634146341,0.1341463414634146,0.3658536585365853,0.5487804878048781,0.4634146341463415,0.0853658536585365,0.6282841463414635,0.1871585365853658,0.034410975609756,0.0316512195121951,0.1184890243902438,0.1160792682926829,0.7605719512195122,0.1233463414634146,0.0072670731707317,82.0,0.2666666666666666,0.1333333333333333,0.0666666666666666,0.1333333333333333,0.0666666666666666,0.1333333333333333,0.0666666666666666,0.4666666666666667,0.4,0.4,0.0,0.5753933333333333,0.2707199999999999,0.0378,0.0258866666666666,0.0902,0.1299066666666666,0.7766533333333333,0.09344,-0.0364666666666666,15.0,0.013663781205176,-0.0036411636779286,-0.0129964115680898
2024-02-06,69.62999725341797,69.75399780273438,66.30000305175781,68.2229995727539,68.18132019042969,683111000.0,,,NVDA,-0.0159956035791059,0.0833333333333333,0.5,0.0833333333333333,0.1666666666666666,0.5,0.4166666666666667,0.3333333333333333,0.5833333333333334,1.25,0.3333333333333333,0.9166666666666666,0.6793916666666666,0.2254833333333333,0.032425,0.0215916666666666,0.0411333333333333,0.0599333333333333,0.8820333333333333,0.058025,-0.0019083333333333,12.0,0.1707317073170731,0.3414634146341463,0.0365853658536585,0.0853658536585365,0.1585365853658536,0.1463414634146341,0.1341463414634146,0.3658536585365853,0.5487804878048781,0.4634146341463415,0.0853658536585365,0.6282841463414635,0.1871585365853658,0.034410975609756,0.0316512195121951,0.1184890243902438,0.1160792682926829,0.7605719512195122,0.1233463414634146,0.0072670731707317,82.0,-0.0116601977786845,0.0029031784080228,-0.0446232372547742
2024-02-07,68.31900024414062,70.22000122070312,67.5999984741211,70.0989990234375,70.05616760253906,495575000.0,,,NVDA,0.0274979628859186,0.3333333333333333,0.5,0.0666666666666666,0.2,0.1666666666666666,0.1666666666666666,0.1,0.4,1.0333333333333334,0.4333333333333333,0.6,0.73458,0.13078,0.0223433333333333,0.02378,0.0884933333333333,0.08101,0.8271966666666667,0.09179,0.0107799999999999,30.0,0.0833333333333333,0.5,0.0833333333333333,0.1666666666666666,0.5,0.4166666666666667,0.3333333333333333,0.5833333333333334,1.25,0.3333333333333333,0.9166666666666666,0.6793916666666666,0.2254833333333333,0.032425,0.0215916666666666,0.0411333333333333,0.0599333333333333,0.8820333333333333,0.058025,-0.0019083333333333,12.0,0.01529523651648,0.0083403932683197,-0.0176110634395672
2024-02-08,70.0739974975586,70.79399871826172,69.45500183105469,69.64099884033203,69.59844207763672,414422000.0,,,NVDA,-0.0065336934714903,0.1363636363636363,0.2272727272727272,0.0454545454545454,0.1363636363636363,0.0909090909090909,0.0909090909090909,0.0454545454545454,0.3636363636363636,0.7272727272727273,0.4090909090909091,0.3181818181818182,0.5790454545454545,0.2794545454545454,0.0540545454545454,0.0411681818181818,0.0462818181818181,0.1977318181818182,0.7230863636363636,0.0791954545454545,-0.1185363636363636,22.0,0.3333333333333333,0.5,0.0666666666666666,0.2,0.1666666666666666,0.1666666666666666,0.1,0.4,1.0333333333333334,0.4333333333333333,0.6,0.73458,0.13078,0.0223433333333333,0.02378,0.0884933333333333,0.08101,0.8271966666666667,0.09179,0.0107799999999999,30.0,0.0171911056527185,0.0004418115102915,-0.0031176899525243
2024-02-09,70.53299713134766,72.18499755859375,70.21199798583984,72.13300323486328,72.08894348144531,436637000.0,,,NVDA,0.0357838671306816,0.2592592592592592,0.3333333333333333,0.1481481481481481,0.2222222222222222,0.1111111111111111,0.2222222222222222,0.037037037037037,0.3333333333333333,0.6296296296296297,0.5925925925925926,0.037037037037037,0.4773851851851852,0.3620888888888889,0.0748222222222222,0.0273925925925925,0.0583148148148148,0.1672074074074074,0.7517925925925927,0.0809925925925925,-0.0862148148148148,27.0,0.1363636363636363,0.2272727272727272,0.0454545454545454,0.1363636363636363,0.0909090909090909,0.0909090909090909,0.0454545454545454,0.3636363636363636,0.7272727272727273,0.4090909090909091,0.3181818181818182,0.5790454545454545,0.2794545454545454,0.0540545454545454,0.0411681818181818,0.0462818181818181,0.1977318181818182,0.7230863636363636,0.0791954545454545,-0.1185363636363636,22.0,0.0199143580084966,0.0057793352723007,0.0109460784785233
2024-02-12,72.5999984741211,74.61100006103516,71.25,72.24800109863281,72.20386505126953,613710000.0,,,NVDA,0.00159416360227,0.2921348314606741,0.3820224719101123,0.0561797752808988,0.1910112359550561,0.0786516853932584,0.2134831460674157,0.1573033707865168,0.2696629213483146,0.6067415730337079,0.5280898876404494,0.0786516853932584,0.652276404494382,0.1757808988764045,0.043152808988764,0.0316561797752809,0.0971449438202247,0.0725022471910112,0.7916449438202248,0.1358505617977528,0.0633483146067415,89.0,0.2592592592592592,0.3333333333333333,0.1481481481481481,0.2222222222222222,0.1111111111111111,0.2222222222222222,0.037037037037037,0.3333333333333333,0.6296296296296297,0.5925925925925926,0.037037037037037,0.4773851851851852,0.3620888888888889,0.0748222222222222,0.0273925925925925,0.0583148148148148,0.1672074074074074,0.7517925925925927,0.0809925925925925,-0.0862148148148148,27.0,-0.001811110163036,-0.0004390788153981,0.0773395186695942
2024-02-13,70.4000015258789,73.44999694824219,69.62000274658203,72.12799835205078,72.08393859863281,602580000.0,,,NVDA,-0.0016609422854518,0.1098901098901098,0.4285714285714285,0.0439560439560439,0.1208791208791208,0.1758241758241758,0.1208791208791208,0.1098901098901098,0.4505494505494505,0.7692307692307693,0.2637362637362637,0.5054945054945055,0.6507164835164836,0.1770725274725275,0.0454417582417582,0.0392999999999999,0.0874791208791208,0.1569131868131868,0.7398505494505494,0.1032340659340659,-0.0536791208791208,91.0,0.2921348314606741,0.3820224719101123,0.0561797752808988,0.1910112359550561,0.0786516853932584,0.2134831460674157,0.1573033707865168,0.2696629213483146,0.6067415730337079,0.5280898876404494,0.0786516853932584,0.652276404494382,0.1757808988764045,0.043152808988764,0.0316561797752809,0.0971449438202247,0.0725022471910112,0.7916449438202248,0.1358505617977528,0.0633483146067415,89.0,-0.0205477159686003,-0.0137728387009751,0.1378320196863569
2024-02-14,73.2020034790039,74.23600006103516,71.93800354003906,73.9000015258789,73.85486602783203,504917000.0,,,NVDA,0.0245675730769907,0.1641791044776119,0.2985074626865671,0.0895522388059701,0.2238805970149253,0.1940298507462686,0.2388059701492537,0.1791044776119403,0.4029850746268656,0.6865671641791045,0.3134328358208955,0.373134328358209,0.5631328358208956,0.2486522388059701,0.0407462686567164,0.0266746268656716,0.1207880597014925,0.1212492537313432,0.7420850746268657,0.1366731343283582,0.0154238805970149,67.0,0.1098901098901098,0.4285714285714285,0.0439560439560439,0.1208791208791208,0.1758241758241758,0.1208791208791208,0.1098901098901098,0.4505494505494505,0.7692307692307693,0.2637362637362637,0.5054945054945055,0.6507164835164836,0.1770725274725275,0.0454417582417582,0.0392999999999999,0.0874791208791208,0.1569131868131868,0.7398505494505494,0.1032340659340659,-0.0536791208791208,91.0,0.0225875965888424,0.0090876065376337,-0.0927444941103843
2024-02-15,73.86900329589844,73.9749984741211,72.4000015258789,72.65799713134766,72.61361694335938,420122000.0,,,NVDA,-0.0168065985524216,0.1641791044776119,0.2388059701492537,0.0895522388059701,0.1194029850746268,0.208955223880597,0.1343283582089552,0.1343283582089552,0.3134328358208955,0.582089552238806,0.3134328358208955,0.2686567164179104,0.5978029850746268,0.2317253731343283,0.0549492537313432,0.0244492537313432,0.0910746268656716,0.152744776119403,0.6338761194029852,0.2133761194029851,0.060631343283582,67.0,0.1641791044776119,0.2985074626865671,0.0895522388059701,0.2238805970149253,0.1940298507462686,0.2388059701492537,0.1791044776119403,0.4029850746268656,0.6865671641791045,0.3134328358208955,0.373134328358209,0.5631328358208956,0.2486522388059701,0.0407462686567164,0.0266746268656716,0.1207880597014925,0.1212492537313432,0.7420850746268657,0.1366731343283582,0.0154238805970149,67.0,-0.0009534973457941,0.0068996110088863,-0.0257301726435672
2024-02-16,74.0999984741211,74.4020004272461,72.5009994506836,72.61299896240234,72.56864166259766,495327000.0,,,NVDA,-0.0006193780540748,0.1081081081081081,0.3243243243243243,0.0675675675675675,0.2027027027027027,0.1621621621621621,0.2837837837837837,0.081081081081081,0.4189189189189189,0.581081081081081,0.3783783783783784,0.2027027027027027,0.6556918918918919,0.1953702702702702,0.0402972972972972,0.0329621621621621,0.075677027027027,0.2333837837837837,0.6800581081081081,0.0865594594594594,-0.1468243243243243,74.0,0.1641791044776119,0.2388059701492537,0.0895522388059701,0.1194029850746268,0.208955223880597,0.1343283582089552,0.1343283582089552,0.3134328358208955,0.582089552238806,0.3134328358208955,0.2686567164179104,0.5978029850746268,0.2317253731343283,0.0549492537313432,0.0244492537313432,0.0910746268656716,0.152744776119403,0.6338761194029852,0.2133761194029851,0.060631343283582,67.0,-0.0056626497039202,-0.0049799825638771,0.0164168121683667
2024-02-20,71.9469985961914,71.95600128173828,67.73400115966797,69.4520034790039,69.4095687866211,704833000.0,,,NVDA,-0.0435322034917565,0.1449704142011834,0.2869822485207101,0.0798816568047337,0.150887573964497,0.1242603550295858,0.1627218934911242,0.1183431952662721,0.2988165680473373,0.5325443786982249,0.3343195266272189,0.1982248520710059,0.6152869822485207,0.2208843195266272,0.0359298816568047,0.0328849112426035,0.0950115384615384,0.1251242603550296,0.7464215976331361,0.1284565088757396,0.00333224852071,338.0,0.1081081081081081,0.3243243243243243,0.0675675675675675,0.2027027027027027,0.1621621621621621,0.2837837837837837,0.081081081081081,0.4189189189189189,0.581081081081081,0.3783783783783784,0.2027027027027027,0.6556918918918919,0.1953702702702702,0.0402972972972972,0.0329621621621621,0.075677027027027,0.2333837837837837,0.6800581081081081,0.0865594594594594,-0.1468243243243243,74.0,-0.0168285822509609,-0.0055051716094982,0.082865191302115
2024-02-21,68.00599670410156,68.88800048828125,66.24800109863281,67.47200012207031,67.43079376220703,673755000.0,,,NVDA,-0.0285086776795461,0.0909090909090909,0.4025974025974026,0.0779220779220779,0.1298701298701298,0.1753246753246753,0.1753246753246753,0.1168831168831168,0.4675324675324675,0.974025974025974,0.3116883116883117,0.6623376623376623,0.6922181818181818,0.1426207792207792,0.0325590909090909,0.0479155844155844,0.0846818181818181,0.1076435064935065,0.5938519480519481,0.2985,0.1908564935064935,154.0,0.1449704142011834,0.2869822485207101,0.0798816568047337,0.150887573964497,0.1242603550295858,0.1627218934911242,0.1183431952662721,0.2988165680473373,0.5325443786982249,0.3343195266272189,0.1982248520710059,0.6152869822485207,0.2208843195266272,0.0359298816568047,0.0328849112426035,0.0950115384615384,0.1251242603550296,0.7464215976331361,0.1284565088757396,0.00333224852071,338.0,-0.0022943069285245,0.0009057010434121,-0.0051880624714809
2024-02-22,75.0250015258789,78.57499694824219,74.22000122070312,78.53800201416016,78.49002075195312,865100000.0,,,NVDA,0.1640085541443598,0.1288659793814432,0.422680412371134,0.0876288659793814,0.1391752577319587,0.2216494845360824,0.1288659793814432,0.1546391752577319,0.5412371134020618,0.7989690721649485,0.2783505154639175,0.520618556701031,0.6694639175257732,0.162931443298969,0.0473015463917525,0.0425587628865979,0.0777458762886598,0.1340453608247422,0.7114231958762887,0.1545340206185567,0.0204886597938144,194.0,0.0909090909090909,0.4025974025974026,0.0779220779220779,0.1298701298701298,0.1753246753246753,0.1753246753246753,0.1168831168831168,0.4675324675324675,0.974025974025974,0.3116883116883117,0.6623376623376623,0.6922181818181818,0.1426207792207792,0.0325590909090909,0.0479155844155844,0.0846818181818181,0.1076435064935065,0.5938519480519481,0.2985,0.1908564935064935,154.0,0.0492832321974607,0.0206954116428756,-0.0521512505069892
2024-02-23,80.79000091552734,82.39399719238281,77.56999969482422,78.81700134277344,78.76885223388672,829388000.0,,,NVDA,0.003552445002082,0.1052631578947368,0.3578947368421052,0.0631578947368421,0.1421052631578947,0.1473684210526315,0.1789473684210526,0.1526315789473684,0.3,0.7578947368421053,0.3,0.4578947368421052,0.61934,0.2033847368421052,0.0381094736842105,0.0327884210526315,0.1063773684210526,0.1013015789473684,0.7607578947368422,0.1379405263157894,0.036638947368421,190.0,0.1288659793814432,0.422680412371134,0.0876288659793814,0.1391752577319587,0.2216494845360824,0.1288659793814432,0.1546391752577319,0.5412371134020618,0.7989690721649485,0.2783505154639175,0.520618556701031,0.6694639175257732,0.162931443298969,0.0473015463917525,0.0425587628865979,0.0777458762886598,0.1340453608247422,0.7114231958762887,0.1545340206185567,0.0204886597938144,194.0,-0.0107863120245226,0.0006896777143825,-0.0543328723470194
2024-02-26,79.69999694824219,80.64600372314453,78.50499725341797,79.09200286865234,79.04368591308594,503973000.0,,,NVDA,0.0034891162103412,0.125,0.3177083333333333,0.0755208333333333,0.1796875,0.1328125,0.2135416666666666,0.109375,0.3177083333333333,0.5182291666666666,0.3645833333333333,0.1536458333333333,0.5732880208333333,0.2525393229166666,0.0458729166666666,0.0318838541666666,0.0964169270833333,0.1612625,0.74241796875,0.0963200520833333,-0.0649424479166666,384.0,0.1052631578947368,0.3578947368421052,0.0631578947368421,0.1421052631578947,0.1473684210526315,0.1789473684210526,0.1526315789473684,0.3,0.7578947368421053,0.3,0.4578947368421052,0.61934,0.2033847368421052,0.0381094736842105,0.0327884210526315,0.1063773684210526,0.1013015789473684,0.7607578947368422,0.1379405263157894,0.036638947368421,190.0,0.0098668973863238,-0.0036624296341466,-0.0007272893732244
2024-02-27,79.38099670410156,79.4800033569336,77.16200256347656,78.70099639892578,78.6529312133789,391705000.0,,,NVDA,-0.0049435283184628,0.0989010989010989,0.2197802197802197,0.0549450549450549,0.0989010989010989,0.0769230769230769,0.1208791208791208,0.0549450549450549,0.2087912087912088,0.4065934065934066,0.2857142857142857,0.1208791208791208,0.5552043956043956,0.2784164835164835,0.0592054945054945,0.024554945054945,0.0826230769230769,0.1849307692307692,0.7530263736263737,0.0620406593406593,-0.1228901098901098,91.0,0.125,0.3177083333333333,0.0755208333333333,0.1796875,0.1328125,0.2135416666666666,0.109375,0.3177083333333333,0.5182291666666666,0.3645833333333333,0.1536458333333333,0.5732880208333333,0.2525393229166666,0.0458729166666666,0.0318838541666666,0.0964169270833333,0.1612625,0.74241796875,0.0963200520833333,-0.0649424479166666,384.0,-0.0009956964852498,0.0018576843718893,-0.022561824680231
2024-02-28,77.62000274658203,78.93299865722656,77.125,77.66300201416016,77.61554718017578,393110000.0,,,NVDA,-0.0131893880774612,0.1384615384615384,0.2,0.0692307692307692,0.1692307692307692,0.0923076923076923,0.1538461538461538,0.1615384615384615,0.3538461538461538,0.6230769230769231,0.3538461538461538,0.2692307692307692,0.6234384615384615,0.2176638461538461,0.0366553846153846,0.0350592307692307,0.0871823076923077,0.1591176923076923,0.67995,0.1609307692307692,0.0018130769230769,130.0,0.0989010989010989,0.2197802197802197,0.0549450549450549,0.0989010989010989,0.0769230769230769,0.1208791208791208,0.0549450549450549,0.2087912087912088,0.4065934065934066,0.2857142857142857,0.1208791208791208,0.5552043956043956,0.2784164835164835,0.0592054945054945,0.024554945054945,0.0826230769230769,0.1849307692307692,0.7530263736263737,0.0620406593406593,-0.1228901098901098,91.0,-0.0112441427268314,-0.0013216468885626,0.0305286551076324
2024-02-29,79.09400177001953,79.98999786376953,78.3499984741211,79.11199951171875,79.06367492675781,507289000.0,,,NVDA,0.0186577019578353,0.1805555555555555,0.2916666666666667,0.0833333333333333,0.1805555555555555,0.0972222222222222,0.1388888888888889,0.1527777777777778,0.2777777777777778,0.5555555555555556,0.3611111111111111,0.1944444444444444,0.5824402777777777,0.2639472222222222,0.0450638888888888,0.0399416666666666,0.0686152777777777,0.1703361111111111,0.7210388888888889,0.1086263888888888,-0.0617097222222222,72.0,0.1384615384615384,0.2,0.0692307692307692,0.1692307692307692,0.0923076923076923,0.1538461538461538,0.1615384615384615,0.3538461538461538,0.6230769230769231,0.3538461538461538,0.2692307692307692,0.6234384615384615,0.2176638461538461,0.0366553846153846,0.0350592307692307,0.0871823076923077,0.1591176923076923,0.67995,0.1609307692307692,0.0018130769230769,130.0,0.0270912369608424,0.0035949593269126,-0.0317919457519184
2024-03-01,80.0,82.30000305175781,79.43499755859375,82.27899932861328,82.2287368774414,479135000.0,,,NVDA,0.040031809217262,0.2564102564102564,0.4358974358974359,0.0769230769230769,0.1025641025641025,0.1282051282051282,0.1794871794871795,0.0256410256410256,0.5641025641025641,1.0769230769230769,0.4871794871794871,0.5897435897435898,0.7716230769230769,0.1207410256410256,0.0289692307692307,0.0261333333333333,0.0525205128205128,0.114876923076923,0.7876794871794872,0.0974564102564102,-0.0174205128205128,39.0,0.1805555555555555,0.2916666666666667,0.0833333333333333,0.1805555555555555,0.0972222222222222,0.1388888888888889,0.1527777777777778,0.2777777777777778,0.5555555555555556,0.3611111111111111,0.1944444444444444,0.5824402777777777,0.2639472222222222,0.0450638888888888,0.0399416666666666,0.0686152777777777,0.1703361111111111,0.7210388888888889,0.1086263888888888,-0.0617097222222222,72.0,0.0425554951744038,0.0093882144815349,-0.0216417888140831
2024-03-04,84.12999725341797,87.69499969482422,83.71900177001953,85.23699951171875,85.18492126464844,615616000.0,,,NVDA,0.0359507454384602,0.2439024390243902,0.3658536585365853,0.0,0.073170731707317,0.073170731707317,0.1951219512195122,0.048780487804878,0.2682926829268293,0.6341463414634146,0.3658536585365853,0.2682926829268293,0.7096658536585365,0.1501219512195122,0.0347975609756097,0.0230536585365853,0.0823658536585365,0.0751731707317073,0.774009756097561,0.1508146341463414,0.0756414634146341,41.0,0.2564102564102564,0.4358974358974359,0.0769230769230769,0.1025641025641025,0.1282051282051282,0.1794871794871795,0.0256410256410256,0.5641025641025641,1.0769230769230769,0.4871794871794871,0.5897435897435898,0.7716230769230769,0.1207410256410256,0.0289692307692307,0.0261333333333333,0.0525205128205128,0.114876923076923,0.7876794871794872,0.0974564102564102,-0.0174205128205128,39.0,0.0098258119549687,-0.0010723336690515,0.0289855167347297
2024-03-05,85.2699966430664,86.09700012207031,83.41699981689453,85.96399688720703,85.91551208496094,520639000.0,0.004,,NVDA,0.0085765275058802,0.0606060606060606,0.5757575757575758,0.0606060606060606,0.1515151515151515,0.0909090909090909,0.0606060606060606,0.1212121212121212,0.4545454545454545,0.7272727272727273,0.2121212121212121,0.5151515151515151,0.6863878787878788,0.1444151515151515,0.0337515151515151,0.0507212121212121,0.0847333333333333,0.127460606060606,0.6951090909090909,0.1774424242424242,0.0499818181818181,33.0,0.2439024390243902,0.3658536585365853,0.0,0.073170731707317,0.073170731707317,0.1951219512195122,0.048780487804878,0.2682926829268293,0.6341463414634146,0.3658536585365853,0.2682926829268293,0.7096658536585365,0.1501219512195122,0.0347975609756097,0.0230536585365853,0.0823658536585365,0.0751731707317073,0.774009756097561,0.1508146341463414,0.0756414634146341,41.0,-0.019605985700409,-0.0099941569814523,0.0719051359144986
2024-03-06,88.02200317382812,89.7239990234375,87.02999877929688,88.69999694824219,88.64997100830078,582520000.0,,,NVDA,0.0318273016942012,0.1333333333333333,0.2,0.0,0.0666666666666666,0.0,0.0666666666666666,0.0666666666666666,0.2666666666666666,0.4666666666666667,0.1333333333333333,0.3333333333333333,0.5723533333333334,0.2338666666666666,0.0397866666666666,0.0299666666666666,0.1240266666666666,0.08548,0.78874,0.1257799999999999,0.0403,15.0,0.0606060606060606,0.5757575757575758,0.0606060606060606,0.1515151515151515,0.0909090909090909,0.0606060606060606,0.1212121212121212,0.4545454545454545,0.7272727272727273,0.2121212121212121,0.5151515151515151,0.6863878787878788,0.1444151515151515,0.0337515151515151,0.0507212121212121,0.0847333333333333,0.127460606060606,0.6951090909090909,0.1774424242424242,0.0499818181818181,33.0,0.0245743471642674,0.0050672779624447,0.0027662490835065
2024-03-07,90.15799713134766,92.76699829101562,89.60199737548828,92.66899871826172,92.6167221069336,608119000.0,,,NVDA,0.0447462199199295,0.0833333333333333,0.0833333333333333,0.0833333333333333,0.1666666666666666,0.0,0.1666666666666666,0.0,0.0833333333333333,0.25,0.3333333333333333,-0.0833333333333333,0.7279749999999999,0.138375,0.0656583333333333,0.0223416666666666,0.045625,0.0927583333333333,0.7901916666666667,0.117025,0.0242666666666666,12.0,0.1333333333333333,0.2,0.0,0.0666666666666666,0.0,0.0666666666666666,0.0666666666666666,0.2666666666666666,0.4666666666666667,0.1333333333333333,0.3333333333333333,0.5723533333333334,0.2338666666666666,0.0397866666666666,0.0299666666666666,0.1240266666666666,0.08548,0.78874,0.1257799999999999,0.0403,15.0,0.0342953370344971,0.00992635022637,-0.0041379599735654
2024-03-08,95.13800048828124,97.4000015258789,86.50599670410156,87.52799987792969,87.47863006591797,1142269000.0,,,NVDA,-0.0554769368223081,0.2105263157894736,0.631578947368421,0.0526315789473684,0.1578947368421052,0.1052631578947368,0.2105263157894736,0.1052631578947368,0.2105263157894736,0.4210526315789473,0.5263157894736842,-0.1052631578947368,0.7102947368421052,0.2003736842105263,0.0291368421052631,0.0212315789473684,0.0389631578947368,0.1925578947368421,0.7300894736842105,0.0773526315789473,-0.1152052631578947,19.0,0.0833333333333333,0.0833333333333333,0.0833333333333333,0.1666666666666666,0.0,0.1666666666666666,0.0,0.0833333333333333,0.25,0.3333333333333333,-0.0833333333333333,0.7279749999999999,0.138375,0.0656583333333333,0.0223416666666666,0.045625,0.0927583333333333,0.7901916666666667,0.117025,0.0242666666666666,12.0,-0.0404626512046093,-0.0060021355274162,0.0207756370812095
2024-03-11,86.42900085449219,88.7969970703125,84.16600036621094,85.77400207519531,85.72561645507812,678364000.0,,,NVDA,-0.0200393354299088,0.1739130434782608,0.4057971014492754,0.072463768115942,0.1594202898550724,0.1884057971014492,0.144927536231884,0.1159420289855072,0.4347826086956521,0.6376811594202898,0.3768115942028985,0.2608695652173913,0.5816101449275363,0.1911565217391304,0.0422173913043478,0.0744927536231884,0.1105260869565217,0.0848666666666666,0.7944753623188406,0.1206550724637681,0.0357884057971014,69.0,0.2105263157894736,0.631578947368421,0.0526315789473684,0.1578947368421052,0.1052631578947368,0.2105263157894736,0.1052631578947368,0.2105263157894736,0.4210526315789473,0.5263157894736842,-0.1052631578947368,0.7102947368421052,0.2003736842105263,0.0291368421052631,0.0212315789473684,0.0389631578947368,0.1925578947368421,0.7300894736842105,0.0773526315789473,-0.1152052631578947,19.0,-0.0132820054108784,-0.0008597979649426,0.0325644846244277
2024-03-12,88.04900360107422,91.95999908447266,86.1500015258789,91.91300201416016,91.86115264892578,668075000.0,,,NVDA,0.071571794377971,0.1097560975609756,0.3414634146341463,0.0365853658536585,0.1097560975609756,0.1829268292682926,0.073170731707317,0.0853658536585365,0.3780487804878049,0.6829268292682927,0.1585365853658536,0.524390243902439,0.6147951219512195,0.2107182926829268,0.0584682926829268,0.0321146341463414,0.0839060975609756,0.1837134146341463,0.7031768292682927,0.1131146341463414,-0.0705987804878048,82.0,0.1739130434782608,0.4057971014492754,0.072463768115942,0.1594202898550724,0.1884057971014492,0.144927536231884,0.1159420289855072,0.4347826086956521,0.6376811594202898,0.3768115942028985,0.2608695652173913,0.5816101449275363,0.1911565217391304,0.0422173913043478,0.0744927536231884,0.1105260869565217,0.0848666666666666,0.7944753623188406,0.1206550724637681,0.0357884057971014,69.0,0.0207462884268399,0.0107573671479139,-0.0906701767562002
2024-03-13,91.05500030517578,91.50399780273438,88.43499755859375,90.88800048828124,90.83673858642578,635713000.0,,,NVDA,-0.0111517658222197,0.1917808219178082,0.3150684931506849,0.0958904109589041,0.1095890410958904,0.1506849315068493,0.0821917808219178,0.1095890410958904,0.4520547945205479,0.726027397260274,0.273972602739726,0.4520547945205479,0.6714369863013698,0.175817808219178,0.0339013698630137,0.0448383561643835,0.0740095890410958,0.1397534246575342,0.7384109589041096,0.1218246575342465,-0.0179287671232876,73.0,0.1097560975609756,0.3414634146341463,0.0365853658536585,0.1097560975609756,0.1829268292682926,0.073170731707317,0.0853658536585365,0.3780487804878049,0.6829268292682927,0.1585365853658536,0.524390243902439,0.6147951219512195,0.2107182926829268,0.0584682926829268,0.0321146341463414,0.0839060975609756,0.1837134146341463,0.7031768292682927,0.1131146341463414,-0.0705987804878048,82.0,-0.0243721388156733,-0.0015675669345437,-0.0065029011268515
2024-03-14,89.5770034790039,90.64600372314452,86.5999984741211,87.94400024414062,87.8943862915039,602318000.0,,,NVDA,-0.0323916549703333,0.0918367346938775,0.3775510204081632,0.0612244897959183,0.1530612244897959,0.173469387755102,0.2040816326530612,0.1122448979591836,0.336734693877551,0.8163265306122449,0.2857142857142857,0.5306122448979592,0.6406377551020408,0.2048275510204081,0.0539642857142857,0.0304316326530612,0.0701377551020408,0.1463551020408163,0.7384316326530612,0.1152091836734693,-0.0311459183673469,98.0,0.1917808219178082,0.3150684931506849,0.0958904109589041,0.1095890410958904,0.1506849315068493,0.0821917808219178,0.1095890410958904,0.4520547945205479,0.726027397260274,0.273972602739726,0.4520547945205479,0.6714369863013698,0.175817808219178,0.0339013698630137,0.0448383561643835,0.0740095890410958,0.1397534246575342,0.7384109589041096,0.1218246575342465,-0.0179287671232876,73.0,-0.0170853861374712,-0.0019767865085764,0.0472726995294743
2024-03-15,86.93000030517578,89.5459976196289,86.25700378417969,87.83699798583984,87.7874526977539,642086000.0,,,NVDA,-0.0012166146014758,0.16,0.2933333333333333,0.1066666666666666,0.1733333333333333,0.1466666666666666,0.12,0.0666666666666666,0.2933333333333333,0.8133333333333334,0.2666666666666666,0.5466666666666666,0.5016786666666667,0.268224,0.036088,0.0473173333333333,0.1466906666666666,0.1244906666666666,0.7657613333333333,0.10976,-0.0147306666666666,75.0,0.0918367346938775,0.3775510204081632,0.0612244897959183,0.1530612244897959,0.173469387755102,0.2040816326530612,0.1122448979591836,0.336734693877551,0.8163265306122449,0.2857142857142857,0.5306122448979592,0.6406377551020408,0.2048275510204081,0.0539642857142857,0.0304316326530612,0.0701377551020408,0.1463551020408163,0.7384316326530612,0.1152091836734693,-0.0311459183673469,98.0,-0.0071707686176609,-0.0068666607071654,0.0006944603574132
2024-03-18,90.38800048828124,92.40499877929688,87.08499908447266,88.45500183105469,88.40511322021484,668976000.0,,,NVDA,0.0070358633663456,0.168141592920354,0.3274336283185841,0.1238938053097345,0.2743362831858407,0.1814159292035398,0.247787610619469,0.1327433628318584,0.331858407079646,0.7477876106194691,0.4292035398230088,0.3185840707964602,0.5748438053097346,0.2327097345132743,0.0418526548672566,0.0395982300884955,0.1109969026548672,0.1287212389380531,0.7525477876106196,0.1187247787610619,-0.0099964601769911,226.0,0.16,0.2933333333333333,0.1066666666666666,0.1733333333333333,0.1466666666666666,0.12,0.0666666666666666,0.2933333333333333,0.8133333333333334,0.2666666666666666,0.5466666666666666,0.5016786666666667,0.268224,0.036088,0.0473173333333333,0.1466906666666666,0.1244906666666666,0.7657613333333333,0.10976,-0.0147306666666666,75.0,-0.0007769806073845,0.0059431515675332,-0.0055516949724618
2024-03-19,86.69999694824219,90.54399871826172,85.01000213623047,89.39800262451172,89.34758758544922,672171000.0,,,NVDA,0.0106608580760108,0.081081081081081,0.3963963963963964,0.1171171171171171,0.2162162162162162,0.0990990990990991,0.2432432432432432,0.1531531531531531,0.3243243243243243,0.8468468468468469,0.3513513513513513,0.4954954954954955,0.6533081081081081,0.1796585585585585,0.0452423423423423,0.0461936936936937,0.0755846846846847,0.1734495495495495,0.7226585585585587,0.1038891891891892,-0.0695603603603603,111.0,0.168141592920354,0.3274336283185841,0.1238938053097345,0.2743362831858407,0.1814159292035398,0.247787610619469,0.1327433628318584,0.331858407079646,0.7477876106194691,0.4292035398230088,0.3185840707964602,0.5748438053097346,0.2327097345132743,0.0418526548672566,0.0395982300884955,0.1109969026548672,0.1287212389380531,0.7525477876106196,0.1187247787610619,-0.0099964601769911,226.0,-0.0083719370964,0.0055571335574773,-0.0355896881784447
2024-03-20,89.7969970703125,90.41000366210938,88.2229995727539,90.37200164794922,90.32102966308594,479063000.0,,,NVDA,0.0108950012411443,0.1176470588235294,0.2058823529411764,0.0294117647058823,0.088235294117647,0.1176470588235294,0.1029411764705882,0.0588235294117647,0.2647058823529412,0.5441176470588235,0.2941176470588235,0.25,0.6811323529411765,0.167335294117647,0.0254691176470588,0.0263,0.0997647058823529,0.1272676470588235,0.7810882352941176,0.0916455882352941,-0.0356220588235294,68.0,0.081081081081081,0.3963963963963964,0.1171171171171171,0.2162162162162162,0.0990990990990991,0.2432432432432432,0.1531531531531531,0.3243243243243243,0.8468468468468469,0.3513513513513513,0.4954954954954955,0.6533081081081081,0.1796585585585585,0.0452423423423423,0.0461936936936937,0.0755846846846847,0.1734495495495495,0.7226585585585587,0.1038891891891892,-0.0695603603603603,111.0,0.0170234351164546,0.0092493367547434,-0.0564399240372858
2024-03-21,92.3000030517578,92.64800262451172,90.40499877929688,91.43499755859376,91.38343048095705,480372000.0,,,NVDA,0.0117624967500267,0.0631578947368421,0.1894736842105263,0.0421052631578947,0.1473684210526315,0.1157894736842105,0.0842105263157894,0.0526315789473684,0.3052631578947368,0.5368421052631579,0.2421052631578947,0.2947368421052631,0.666161052631579,0.2003652631578947,0.0279126315789473,0.02676,0.0787968421052631,0.0854747368421052,0.8183915789473685,0.0961378947368421,0.0106631578947368,95.0,0.1176470588235294,0.2058823529411764,0.0294117647058823,0.088235294117647,0.1176470588235294,0.1029411764705882,0.0588235294117647,0.2647058823529412,0.5441176470588235,0.2941176470588235,0.25,0.6811323529411765,0.167335294117647,0.0254691176470588,0.0263,0.0997647058823529,0.1272676470588235,0.7810882352941176,0.0916455882352941,-0.0356220588235294,68.0,0.0224997269655045,0.0033047085024036,-0.0092024452385066
2024-03-22,91.14099884033205,94.77799987792967,90.83399963378906,94.28900146484376,94.2358169555664,586719000.0,,,NVDA,0.0312133880244707,0.2096774193548387,0.2096774193548387,0.064516129032258,0.1935483870967742,0.1129032258064516,0.2096774193548387,0.1129032258064516,0.3225806451612903,0.7096774193548387,0.3709677419354839,0.3387096774193548,0.5741403225806452,0.2175516129032258,0.0522467741935483,0.0306516129032258,0.1254048387096774,0.1866274193548387,0.7148032258064516,0.0985709677419354,-0.0880564516129032,62.0,0.0631578947368421,0.1894736842105263,0.0421052631578947,0.1473684210526315,0.1157894736842105,0.0842105263157894,0.0526315789473684,0.3052631578947368,0.5368421052631579,0.2421052631578947,0.2947368421052631,0.666161052631579,0.2003652631578947,0.0279126315789473,0.02676,0.0787968421052631,0.0854747368421052,0.8183915789473685,0.0961378947368421,0.0106631578947368,95.0,0.00119907928723,-0.0018957308521935,0.0108359398216746
2024-03-25,93.94100189208984,96.76599884033205,93.51000213623048,95.0019989013672,94.94841003417967,552136000.0,,,NVDA,0.007561807194278,0.1170212765957446,0.3652482269503546,0.0567375886524822,0.1843971631205673,0.1205673758865248,0.1595744680851064,0.0602836879432624,0.4326241134751773,0.7801418439716312,0.3156028368794326,0.4645390070921986,0.6392237588652482,0.2033478723404255,0.0457914893617021,0.0290975177304964,0.0825358156028368,0.110359219858156,0.7487443262411347,0.1408946808510638,0.0305354609929078,282.0,0.2096774193548387,0.2096774193548387,0.064516129032258,0.1935483870967742,0.1129032258064516,0.2096774193548387,0.1129032258064516,0.3225806451612903,0.7096774193548387,0.3709677419354839,0.3387096774193548,0.5741403225806452,0.2175516129032258,0.0522467741935483,0.0306516129032258,0.1254048387096774,0.1866274193548387,0.7148032258064516,0.0985709677419354,-0.0880564516129032,62.0,-0.0039031732745929,-0.0027628111761155,0.0099539936133032
2024-03-26,95.85099792480467,96.375,92.5019989013672,92.56099700927734,92.50879669189452,513648000.0,,,NVDA,-0.025694093681052,0.0967741935483871,0.2580645161290322,0.032258064516129,0.0967741935483871,0.1451612903225806,0.1129032258064516,0.1612903225806451,0.4516129032258064,0.7580645161290323,0.2419354838709677,0.5161290322580645,0.5742854838709677,0.1856387096774193,0.0662435483870967,0.040866129032258,0.1329516129032258,0.1408177419354838,0.6810806451612903,0.1780951612903225,0.0372774193548387,62.0,0.1170212765957446,0.3652482269503546,0.0567375886524822,0.1843971631205673,0.1205673758865248,0.1595744680851064,0.0602836879432624,0.4326241134751773,0.7801418439716312,0.3156028368794326,0.4645390070921986,0.6392237588652482,0.2033478723404255,0.0457914893617021,0.0290975177304964,0.0825358156028368,0.110359219858156,0.7487443262411347,0.1408946808510638,0.0305354609929078,282.0,-0.0075256138277742,-0.0018470371085398,0.003790765149775
2024-03-27,93.11199951171876,93.23999786376952,89.12300109863281,90.25,90.1990966796875,586067000.0,,,NVDA,-0.0249673554818747,0.1379310344827586,0.3333333333333333,0.057471264367816,0.1839080459770115,0.1379310344827586,0.160919540229885,0.1839080459770115,0.2068965517241379,0.5977011494252874,0.3103448275862069,0.2873563218390804,0.6255551724137931,0.2224183908045977,0.0482724137931034,0.0368114942528735,0.0669333333333333,0.149735632183908,0.7582735632183907,0.0919827586206896,-0.0577528735632183,87.0,0.0967741935483871,0.2580645161290322,0.032258064516129,0.0967741935483871,0.1451612903225806,0.1129032258064516,0.1612903225806451,0.4516129032258064,0.7580645161290323,0.2419354838709677,0.5161290322580645,0.5742854838709677,0.1856387096774193,0.0662435483870967,0.040866129032258,0.1329516129032258,0.1408177419354838,0.6810806451612903,0.1780951612903225,0.0372774193548387,62.0,0.01256282661657,0.0084038408433992,-0.0347432058987206
2024-03-28,90.0,91.3000030517578,89.19300079345703,90.3560028076172,90.3050308227539,435212000.0,,,NVDA,0.001174447937573,0.1142857142857142,0.2571428571428571,0.1571428571428571,0.2857142857142857,0.1857142857142857,0.3,0.1714285714285714,0.3142857142857143,0.5285714285714286,0.4142857142857143,0.1142857142857142,0.5616028571428571,0.2719257142857142,0.0540299999999999,0.0249857142857142,0.0874514285714285,0.22241,0.69907,0.0785228571428571,-0.1438871428571428,70.0,0.1379310344827586,0.3333333333333333,0.057471264367816,0.1839080459770115,0.1379310344827586,0.160919540229885,0.1839080459770115,0.2068965517241379,0.5977011494252874,0.3103448275862069,0.2873563218390804,0.6255551724137931,0.2224183908045977,0.0482724137931034,0.0368114942528735,0.0669333333333333,0.149735632183908,0.7582735632183907,0.0919827586206896,-0.0577528735632183,87.0,0.0010634106729554,-0.000191145602698,0.0179969092892282
2024-04-01,90.29900360107422,92.2249984741211,89.2040023803711,90.36299896240234,90.31202697753906,452441000.0,,,NVDA,7.747248100598014e-05,0.1381381381381381,0.3483483483483483,0.066066066066066,0.1501501501501501,0.1741741741741741,0.2042042042042042,0.1741741741741741,0.4234234234234234,0.6876876876876877,0.3963963963963964,0.2912912912912913,0.587539039039039,0.2371891891891892,0.0471483483483483,0.0311408408408408,0.0969783783783783,0.136024024024024,0.7541633633633634,0.1098096096096096,-0.0262144144144144,333.0,0.1142857142857142,0.2571428571428571,0.1571428571428571,0.2857142857142857,0.1857142857142857,0.3,0.1714285714285714,0.3142857142857143,0.5285714285714286,0.4142857142857143,0.1142857142857142,0.5616028571428571,0.2719257142857142,0.0540299999999999,0.0249857142857142,0.0874514285714285,0.22241,0.69907,0.0785228571428571,-0.1438871428571428,70.0,0.0105346860140569,-0.0017397037447676,0.0491928807370545
2024-04-02,88.447998046875,90.09400177001952,87.62000274658203,89.4520034790039,89.40155029296875,433064000.0,,,NVDA,-0.0100814555385491,0.2285714285714285,0.3142857142857143,0.1142857142857142,0.2285714285714285,0.3714285714285714,0.2571428571428571,0.2,0.4857142857142857,1.1428571428571428,0.4571428571428571,0.6857142857142857,0.5105885714285714,0.2525,0.0493371428571428,0.06916,0.1184171428571428,0.1030771428571428,0.7629742857142857,0.1339514285714285,0.0308742857142857,35.0,0.1381381381381381,0.3483483483483483,0.066066066066066,0.1501501501501501,0.1741741741741741,0.2042042042042042,0.1741741741741741,0.4234234234234234,0.6876876876876877,0.3963963963963964,0.2912912912912913,0.587539039039039,0.2371891891891892,0.0471483483483483,0.0311408408408408,0.0969783783783783,0.136024024024024,0.7541633633633634,0.1098096096096096,-0.0262144144144144,333.0,-0.0154182653799774,-0.0063583208051138,0.0703296750897886
2024-04-03,88.48400115966797,90.3740005493164,88.4000015258789,88.96399688720703,88.913818359375,370067000.0,,,NVDA,-0.0054555198650968,0.2105263157894736,0.3157894736842105,0.0526315789473684,0.1578947368421052,0.0526315789473684,0.1578947368421052,0.0526315789473684,0.3157894736842105,0.4736842105263157,0.3684210526315789,0.1052631578947368,0.7068157894736842,0.2050421052631579,0.029978947368421,0.0209210526315789,0.0372263157894736,0.1404578947368421,0.7896947368421053,0.0698684210526315,-0.0705894736842105,19.0,0.2285714285714285,0.3142857142857143,0.1142857142857142,0.2285714285714285,0.3714285714285714,0.2571428571428571,0.2,0.4857142857142857,1.1428571428571428,0.4571428571428571,0.6857142857142857,0.5105885714285714,0.2525,0.0493371428571428,0.06916,0.1184171428571428,0.1030771428571428,0.7629742857142857,0.1339514285714285,0.0308742857142857,35.0,0.0028026469871647,0.0010986046804752,-0.0191649376831588
2024-04-04,90.40599822998048,90.63400268554688,85.87999725341797,85.90499877929688,85.8565444946289,434965000.0,,,NVDA,-0.0343846875677872,0.0625,1.25,0.125,0.25,0.125,0.1875,0.25,0.75,1.3125,0.3125,1.0,0.7207375,0.0827,0.03411875,0.07795,0.084475,0.1646125,0.67935625,0.1560375,-0.0085749999999999,16.0,0.2105263157894736,0.3157894736842105,0.0526315789473684,0.1578947368421052,0.0526315789473684,0.1578947368421052,0.0526315789473684,0.3157894736842105,0.4736842105263157,0.3684210526315789,0.1052631578947368,0.7068157894736842,0.2050421052631579,0.029978947368421,0.0209210526315789,0.0372263157894736,0.1404578947368421,0.7896947368421053,0.0698684210526315,-0.0705894736842105,19.0,-0.0283039045588399,-0.0122060219006766,0.1409630473494973
2024-04-05,86.86599731445312,88.48100280761719,85.9260025024414,88.00800323486328,87.9583740234375,399678000.0,,,NVDA,0.0244807142097371,0.2727272727272727,0.6363636363636364,0.0,0.0,0.0909090909090909,0.1818181818181818,0.0,0.1818181818181818,0.8181818181818182,0.8181818181818182,0.0,0.7160181818181818,0.2005454545454545,0.0234454545454545,0.0206090909090909,0.0393727272727272,0.0342090909090909,0.8851545454545455,0.0806545454545454,0.0464454545454545,11.0,0.0625,1.25,0.125,0.25,0.125,0.1875,0.25,0.75,1.3125,0.3125,1.0,0.7207375,0.0827,0.03411875,0.07795,0.084475,0.1646125,0.67935625,0.1560375,-0.0085749999999999,16.0,0.0118705220016266,0.0104468209036339,-0.0195718463215994
2024-04-08,88.69999694824219,88.83000183105469,86.73200225830078,87.13300323486328,87.08384704589844,283220000.0,,,NVDA,-0.0099425095932995,0.12,0.28,0.1066666666666666,0.2533333333333333,0.1,0.2266666666666666,0.0533333333333333,0.3333333333333333,0.6466666666666666,0.42,0.2266666666666666,0.5831093333333333,0.2729333333333333,0.0385873333333333,0.0273933333333333,0.077984,0.1504393333333333,0.7530846666666666,0.0964686666666666,-0.0539706666666666,150.0,0.2727272727272727,0.6363636363636364,0.0,0.0,0.0909090909090909,0.1818181818181818,0.0,0.1818181818181818,0.8181818181818182,0.8181818181818182,0.0,0.7160181818181818,0.2005454545454545,0.0234454545454545,0.0206090909090909,0.0393727272727272,0.0342090909090909,0.8851545454545455,0.0806545454545454,0.0464454545454545,11.0,0.0025718047897291,0.0005594447086165,-0.0524018134922481
2024-04-09,87.44200134277344,87.63500213623047,83.02200317382812,85.35399627685547,85.30584716796875,501700000.0,,,NVDA,-0.0204171030362562,0.1518987341772152,0.2658227848101265,0.0886075949367088,0.1645569620253164,0.1265822784810126,0.2278481012658227,0.0886075949367088,0.3670886075949367,0.6075949367088608,0.3924050632911392,0.2151898734177215,0.6240088607594937,0.1995835443037975,0.0414417721518987,0.0361670886075949,0.0987924050632911,0.1721025316455696,0.7041987341772152,0.1237012658227848,-0.0484012658227848,79.0,0.12,0.28,0.1066666666666666,0.2533333333333333,0.1,0.2266666666666666,0.0533333333333333,0.3333333333333333,0.6466666666666666,0.42,0.2266666666666666,0.5831093333333333,0.2729333333333333,0.0385873333333333,0.0273933333333333,0.077984,0.1504393333333333,0.7530846666666666,0.0964686666666666,-0.0539706666666666,150.0,0.0107560631941929,0.0011567124152835,-0.0138248876858543
2024-04-10,83.9260025024414,87.4000015258789,83.70899963378906,87.03900146484375,86.98990631103516,431929000.0,,,NVDA,0.0197414268655049,0.1549295774647887,0.3661971830985915,0.0704225352112676,0.3098591549295774,0.0985915492957746,0.2676056338028169,0.056338028169014,0.1830985915492957,0.7887323943661971,0.3661971830985915,0.4225352112676056,0.6661845070422535,0.202043661971831,0.0531408450704225,0.0315309859154929,0.047112676056338,0.1381577464788732,0.7487957746478873,0.1130464788732394,-0.0251112676056338,71.0,0.1518987341772152,0.2658227848101265,0.0886075949367088,0.1645569620253164,0.1265822784810126,0.2278481012658227,0.0886075949367088,0.3670886075949367,0.6075949367088608,0.3924050632911392,0.2151898734177215,0.6240088607594937,0.1995835443037975,0.0414417721518987,0.0361670886075949,0.0987924050632911,0.1721025316455696,0.7041987341772152,0.1237012658227848,-0.0484012658227848,79.0,-0.0182553992608506,-0.0100131380827789,0.0547396978342042
2024-04-11,87.41999816894531,90.73899841308594,86.9260025024414,90.61599731445312,90.56487274169922,431637000.0,,,NVDA,0.0410963361413641,0.086021505376344,0.2903225806451613,0.032258064516129,0.075268817204301,0.1182795698924731,0.1505376344086021,0.1075268817204301,0.2473118279569892,0.6989247311827957,0.2795698924731182,0.4193548387096774,0.702616129032258,0.1584505376344086,0.0378956989247311,0.0392290322580645,0.0618064516129032,0.1880752688172043,0.7323397849462366,0.0795774193548387,-0.1084978494623655,93.0,0.1549295774647887,0.3661971830985915,0.0704225352112676,0.3098591549295774,0.0985915492957746,0.2676056338028169,0.056338028169014,0.1830985915492957,0.7887323943661971,0.3661971830985915,0.4225352112676056,0.6661845070422535,0.202043661971831,0.0531408450704225,0.0315309859154929,0.047112676056338,0.1381577464788732,0.7487957746478873,0.1130464788732394,-0.0251112676056338,71.0,0.0225860425257822,0.0075468667117259,-0.0563291349733432
2024-04-12,89.6989974975586,90.1750030517578,87.52999877929688,88.18599700927734,88.13626098632812,426805000.0,,,NVDA,-0.026816266415984,0.0652173913043478,0.2826086956521739,0.0,0.0652173913043478,0.0217391304347826,0.0652173913043478,0.0217391304347826,0.217391304347826,0.2608695652173913,0.1956521739130435,0.0652173913043478,0.7197717391304347,0.1377695652173913,0.0514695652173913,0.0247239130434782,0.0662565217391304,0.0839543478260869,0.7664173913043478,0.1496282608695652,0.0656739130434782,46.0,0.086021505376344,0.2903225806451613,0.032258064516129,0.075268817204301,0.1182795698924731,0.1505376344086021,0.1075268817204301,0.2473118279569892,0.6989247311827957,0.2795698924731182,0.4193548387096774,0.702616129032258,0.1584505376344086,0.0378956989247311,0.0392290322580645,0.0618064516129032,0.1880752688172043,0.7323397849462366,0.0795774193548387,-0.1084978494623655,93.0,-0.0328202461902378,-0.0138031049910422,0.1609657708311
2024-04-15,89.0979995727539,90.61299896240234,85.92900085449219,86.0009994506836,85.95249938964844,443077000.0,,,NVDA,-0.0247771073136224,0.16,0.3288888888888889,0.0977777777777777,0.1555555555555555,0.1866666666666666,0.16,0.0755555555555555,0.3644444444444444,0.7466666666666667,0.4222222222222222,0.3244444444444444,0.6200204444444445,0.236804,0.0365724444444444,0.027428,0.0791724444444444,0.1464346666666666,0.7488453333333333,0.1047146666666666,-0.04172,225.0,0.0652173913043478,0.2826086956521739,0.0,0.0652173913043478,0.0217391304347826,0.0652173913043478,0.0217391304347826,0.217391304347826,0.2608695652173913,0.1956521739130435,0.0652173913043478,0.7197717391304347,0.1377695652173913,0.0514695652173913,0.0247239130434782,0.0662565217391304,0.0839543478260869,0.7664173913043478,0.1496282608695652,0.0656739130434782,46.0,-0.012656694454939,-0.0125281012117253,0.1109185520237343
2024-04-16,86.43299865722656,88.11799621582031,86.06400299072266,87.41500091552734,87.3656997680664,370453000.0,,,NVDA,0.0164416437969012,0.1401869158878504,0.5046728971962616,0.0654205607476635,0.1869158878504672,0.1308411214953271,0.2336448598130841,0.1214953271028037,0.5046728971962616,0.794392523364486,0.3551401869158878,0.4392523364485981,0.6436710280373832,0.1913158878504673,0.0472018691588785,0.0438046728971962,0.0740046728971962,0.163107476635514,0.7027551401869159,0.1341411214953271,-0.0289663551401869,107.0,0.16,0.3288888888888889,0.0977777777777777,0.1555555555555555,0.1866666666666666,0.16,0.0755555555555555,0.3644444444444444,0.7466666666666667,0.4222222222222222,0.3244444444444444,0.6200204444444445,0.236804,0.0365724444444444,0.027428,0.0791724444444444,0.1464346666666666,0.7488453333333333,0.1047146666666666,-0.04172,225.0,0.0075705826368583,-0.0018238108605702,-0.0431617235290652
2024-04-17,88.33999633789062,88.7750015258789,83.94999694824219,84.03500366210938,83.98759460449219,495400000.0,,,NVDA,-0.0386662634482666,0.1204819277108433,0.2409638554216867,0.0240963855421686,0.108433734939759,0.1204819277108433,0.253012048192771,0.0843373493975903,0.2289156626506024,0.4216867469879518,0.3373493975903614,0.0843373493975903,0.5901867469879518,0.2102578313253012,0.0384530120481927,0.0512457831325301,0.1098698795180722,0.1556240963855421,0.7469590361445783,0.0974216867469879,-0.0582024096385542,83.0,0.1401869158878504,0.5046728971962616,0.0654205607476635,0.1869158878504672,0.1308411214953271,0.2336448598130841,0.1214953271028037,0.5046728971962616,0.794392523364486,0.3551401869158878,0.4392523364485981,0.6436710280373832,0.1913158878504673,0.0472018691588785,0.0438046728971962,0.0740046728971962,0.163107476635514,0.7027551401869159,0.1341411214953271,-0.0289663551401869,107.0,-0.0303309695838134,-0.0059181784267968,-0.0103261161954737
2024-04-18,84.97000122070312,86.19000244140625,82.4020004272461,84.6709976196289,84.62324523925781,447260000.0,,,NVDA,0.0075683871857383,0.1397849462365591,0.3118279569892473,0.1397849462365591,0.2150537634408602,0.1397849462365591,0.2580645161290322,0.1290322580645161,0.2580645161290322,0.6451612903225806,0.5053763440860215,0.1397849462365591,0.5748978494623656,0.2470236559139784,0.0449623655913978,0.0307548387096774,0.1023655913978494,0.1394860215053763,0.7666774193548387,0.0938387096774193,-0.045647311827957,93.0,0.1204819277108433,0.2409638554216867,0.0240963855421686,0.108433734939759,0.1204819277108433,0.253012048192771,0.0843373493975903,0.2289156626506024,0.4216867469879518,0.3373493975903614,0.0843373493975903,0.5901867469879518,0.2102578313253012,0.0384530120481927,0.0512457831325301,0.1098698795180722,0.1556240963855421,0.7469590361445783,0.0974216867469879,-0.0582024096385542,83.0,-0.0177314756710889,-0.0020577890876725,-0.0115320755096423
2024-04-19,83.1500015258789,84.3239974975586,75.60600280761719,76.19999694824219,76.15702819824219,875198000.0,,,NVDA,-0.1000459982015442,0.1014492753623188,0.2463768115942029,0.0579710144927536,0.3188405797101449,0.1739130434782608,0.3333333333333333,0.1159420289855072,0.463768115942029,0.7971014492753623,0.4782608695652174,0.3188405797101449,0.6222000000000001,0.2316144927536232,0.0565057971014492,0.0282391304347826,0.0614362318840579,0.1524927536231884,0.7760826086956522,0.0714231884057971,-0.0810695652173913,69.0,0.1397849462365591,0.3118279569892473,0.1397849462365591,0.2150537634408602,0.1397849462365591,0.2580645161290322,0.1290322580645161,0.2580645161290322,0.6451612903225806,0.5053763440860215,0.1397849462365591,0.5748978494623656,0.2470236559139784,0.0449623655913978,0.0307548387096774,0.1023655913978494,0.1394860215053763,0.7666774193548387,0.0938387096774193,-0.045647311827957,93.0,-0.0398780888386219,-0.0087283105647208,0.0394443935818142
2024-04-22,78.10399627685547,80.072998046875,76.4000015258789,79.51799774169922,79.47314453125,596341000.0,,,NVDA,0.0435431425235728,0.1118012422360248,0.1925465838509316,0.0807453416149068,0.1366459627329192,0.1304347826086956,0.1118012422360248,0.0993788819875776,0.3167701863354037,0.5900621118012422,0.2546583850931677,0.3354037267080745,0.6501826086956521,0.2050378881987577,0.0345757763975155,0.0272447204968944,0.0829658385093167,0.1268857142857142,0.7729223602484472,0.1001925465838509,-0.0266931677018633,161.0,0.1014492753623188,0.2463768115942029,0.0579710144927536,0.3188405797101449,0.1739130434782608,0.3333333333333333,0.1159420289855072,0.463768115942029,0.7971014492753623,0.4782608695652174,0.3188405797101449,0.6222000000000001,0.2316144927536232,0.0565057971014492,0.0282391304347826,0.0614362318840579,0.1524927536231884,0.7760826086956522,0.0714231884057971,-0.0810695652173913,69.0,0.0164826782673139,0.0092090812648659,-0.0946017443626682
2024-04-23,80.76899719238281,82.76899719238281,80.26399993896484,82.4229965209961,82.37651824951172,438559000.0,,,NVDA,0.0365327650665701,0.0941176470588235,0.2,0.0588235294117647,0.0823529411764705,0.0588235294117647,0.1411764705882353,0.0823529411764705,0.2352941176470588,0.4470588235294118,0.2588235294117647,0.188235294117647,0.6462717647058824,0.1803423529411764,0.0428317647058823,0.0386894117647058,0.091875294117647,0.1507223529411764,0.7451152941176471,0.1041635294117647,-0.0465588235294117,85.0,0.1118012422360248,0.1925465838509316,0.0807453416149068,0.1366459627329192,0.1304347826086956,0.1118012422360248,0.0993788819875776,0.3167701863354037,0.5900621118012422,0.2546583850931677,0.3354037267080745,0.6501826086956521,0.2050378881987577,0.0345757763975155,0.0272447204968944,0.0829658385093167,0.1268857142857142,0.7729223602484472,0.1001925465838509,-0.0266931677018633,161.0,0.02087674943179,0.0118667973578265,-0.0737899004879727
2024-04-24,83.94999694824219,84.08200073242188,79.18299865722656,79.677001953125,79.63206481933594,512208000.0,,,NVDA,-0.0333159678084846,0.1388888888888889,0.3333333333333333,0.0833333333333333,0.2222222222222222,0.1944444444444444,0.2638888888888889,0.1388888888888889,0.4027777777777778,0.625,0.4166666666666667,0.2083333333333333,0.5581472222222222,0.2613944444444444,0.0550833333333333,0.0445652777777777,0.0808111111111111,0.1904819444444444,0.7111694444444444,0.0983569444444444,-0.092125,72.0,0.0941176470588235,0.2,0.0588235294117647,0.0823529411764705,0.0588235294117647,0.1411764705882353,0.0823529411764705,0.2352941176470588,0.4470588235294118,0.2588235294117647,0.188235294117647,0.6462717647058824,0.1803423529411764,0.0428317647058823,0.0386894117647058,0.091875294117647,0.1507223529411764,0.7451152941176471,0.1041635294117647,-0.0465588235294117,85.0,0.012969307056996,-0.0004747309183239,0.0178458058721417
2024-04-25,78.86799621582031,83.322998046875,78.2229995727539,82.63200378417969,82.58538818359375,424641000.0,,,NVDA,0.0370871127222196,0.1627906976744186,0.3604651162790697,0.0581395348837209,0.1744186046511628,0.2209302325581395,0.2093023255813953,0.0930232558139534,0.3488372093023256,0.7674418604651163,0.3720930232558139,0.3953488372093023,0.5767697674418605,0.2049802325581395,0.0513093023255813,0.0575209302325581,0.1094151162790697,0.1205255813953488,0.7413848837209303,0.1380825581395348,0.017556976744186,86.0,0.1388888888888889,0.3333333333333333,0.0833333333333333,0.2222222222222222,0.1944444444444444,0.2638888888888889,0.1388888888888889,0.4027777777777778,0.625,0.4166666666666667,0.2083333333333333,0.5581472222222222,0.2613944444444444,0.0550833333333333,0.0445652777777777,0.0808111111111111,0.1904819444444444,0.7111694444444444,0.0983569444444444,-0.092125,72.0,0.0185576190697849,-0.0037989089424659,-0.0375704678420368
2024-04-26,83.81800079345703,88.33100128173828,83.38700103759766,87.73500061035156,87.68551635742188,551011000.0,,,NVDA,0.0617558176573578,0.0588235294117647,0.3382352941176471,0.0441176470588235,0.1617647058823529,0.1323529411764706,0.2058823529411764,0.088235294117647,0.4264705882352941,0.6617647058823529,0.3970588235294117,0.2647058823529412,0.6281382352941176,0.2417073529411764,0.0346029411764705,0.025535294117647,0.0700088235294117,0.1321132352941176,0.7762235294117648,0.0916544117647058,-0.0404588235294117,68.0,0.1627906976744186,0.3604651162790697,0.0581395348837209,0.1744186046511628,0.2209302325581395,0.2093023255813953,0.0930232558139534,0.3488372093023256,0.7674418604651163,0.3720930232558139,0.3953488372093023,0.5767697674418605,0.2049802325581395,0.0513093023255813,0.0575209302325581,0.1094151162790697,0.1205255813953488,0.7413848837209303,0.1380825581395348,0.017556976744186,86.0,0.0211383614209568,0.0094738855037568,-0.0221210250565674
2024-04-29,87.59500122070312,87.99199676513672,85.26599884033203,87.75700378417969,87.70751190185547,388971000.0,,,NVDA,0.0002508458106573,0.1855670103092783,0.268041237113402,0.0876288659793814,0.1597938144329896,0.0927835051546391,0.1958762886597938,0.0979381443298969,0.3041237113402061,0.6391752577319587,0.4329896907216495,0.2061855670103092,0.6156515463917526,0.2197190721649484,0.0475015463917525,0.0406840206185567,0.0764396907216494,0.1230030927835051,0.7697809278350516,0.1072139175257731,-0.0157891752577319,194.0,0.0588235294117647,0.3382352941176471,0.0441176470588235,0.1617647058823529,0.1323529411764706,0.2058823529411764,0.088235294117647,0.4264705882352941,0.6617647058823529,0.3970588235294117,0.2647058823529412,0.6281382352941176,0.2417073529411764,0.0346029411764705,0.025535294117647,0.0700088235294117,0.1321132352941176,0.7762235294117648,0.0916544117647058,-0.0404588235294117,68.0,0.0076073019608648,0.0035414297461646,-0.0239520733914264
2024-04-30,87.23999786376953,88.81900024414062,86.30000305175781,86.4020004272461,86.353271484375,363709000.0,,,NVDA,-0.0154404154001752,0.0923076923076923,0.2769230769230769,0.0615384615384615,0.2,0.1538461538461538,0.123076923076923,0.0615384615384615,0.3384615384615385,0.6615384615384615,0.2615384615384615,0.4,0.6343476923076923,0.2188276923076923,0.0389846153846153,0.0272215384615384,0.0806184615384615,0.1071584615384615,0.7698523076923076,0.1229876923076923,0.0158292307692307,65.0,0.1855670103092783,0.268041237113402,0.0876288659793814,0.1597938144329896,0.0927835051546391,0.1958762886597938,0.0979381443298969,0.3041237113402061,0.6391752577319587,0.4329896907216495,0.2061855670103092,0.6156515463917526,0.2197190721649484,0.0475015463917525,0.0406840206185567,0.0764396907216494,0.1230030927835051,0.7697809278350516,0.1072139175257731,-0.0157891752577319,194.0,-0.0208648141021773,-0.0158412777210869,0.0668029677668484
2024-05-01,85.0770034790039,86.0,81.25499725341797,83.04100036621094,82.99414825439453,559863000.0,,,NVDA,-0.0388997796173625,0.4230769230769231,0.6153846153846154,0.1153846153846153,0.1153846153846153,0.2307692307692307,0.1923076923076923,0.0769230769230769,0.7307692307692307,1.5384615384615383,0.6923076923076923,0.8461538461538461,0.8456038461538462,0.0628384615384615,0.0193307692307692,0.0249923076923076,0.0472538461538461,0.1091615384615384,0.8157846153846153,0.0750538461538461,-0.0341076923076923,26.0,0.0923076923076923,0.2769230769230769,0.0615384615384615,0.2,0.1538461538461538,0.123076923076923,0.0615384615384615,0.3384615384615385,0.6615384615384615,0.2615384615384615,0.4,0.6343476923076923,0.2188276923076923,0.0389846153846153,0.0272215384615384,0.0806184615384615,0.1071584615384615,0.7698523076923076,0.1229876923076923,0.0158292307692307,65.0,-0.0337866804604506,-0.003247026807385,-0.0166133726226849
2024-05-02,84.4489974975586,86.23699951171875,83.19999694824219,85.81700134277344,85.76859283447266,377898000.0,,,NVDA,0.0334294000050927,0.4615384615384615,0.6923076923076923,0.0,0.2307692307692307,0.1538461538461538,0.0769230769230769,0.1538461538461538,0.1538461538461538,0.7692307692307693,0.5384615384615384,0.2307692307692307,0.8245,0.0598615384615384,0.0221692307692307,0.0377307692307692,0.0557461538461538,0.0211461538461538,0.8008153846153847,0.1780461538461538,0.1568999999999999,13.0,0.4230769230769231,0.6153846153846154,0.1153846153846153,0.1153846153846153,0.2307692307692307,0.1923076923076923,0.0769230769230769,0.7307692307692307,1.5384615384615383,0.6923076923076923,0.8461538461538461,0.8456038461538462,0.0628384615384615,0.0193307692307692,0.0249923076923076,0.0472538461538461,0.1091615384615384,0.8157846153846153,0.0750538461538461,-0.0341076923076923,26.0,0.022489833978722,0.0093534060555291,-0.0461338546009207
2024-05-03,87.78900146484375,89.28099822998047,87.04000091552734,88.78900146484375,88.73892211914062,398341000.0,,,NVDA,0.0346318994693137,0.3125,0.25,0.0625,0.125,0.3125,0.0625,0.1875,0.4375,0.875,0.3125,0.5625,0.74413125,0.10735,0.0402875,0.0442624999999999,0.0639562499999999,0.0368875,0.90968125,0.053425,0.0165374999999999,16.0,0.4615384615384615,0.6923076923076923,0.0,0.2307692307692307,0.1538461538461538,0.0769230769230769,0.1538461538461538,0.1538461538461538,0.7692307692307693,0.5384615384615384,0.2307692307692307,0.8245,0.0598615384615384,0.0221692307692307,0.0377307692307692,0.0557461538461538,0.0211461538461538,0.8008153846153847,0.1780461538461538,0.1568999999999999,13.0,0.0225153825709649,0.0123952966529838,-0.0810627049944988
2024-05-06,89.38999938964844,92.22000122070312,89.05500030517578,92.13999938964844,92.0880355834961,376203000.0,,,NVDA,0.0377412006408974,0.0847457627118644,0.288135593220339,0.0508474576271186,0.1864406779661017,0.0677966101694915,0.2372881355932203,0.0677966101694915,0.288135593220339,0.559322033898305,0.3389830508474576,0.2203389830508474,0.6538813559322034,0.1993322033898305,0.0372152542372881,0.0315762711864406,0.0779898305084745,0.1510084745762711,0.7497915254237287,0.0992101694915254,-0.0517983050847457,59.0,0.3125,0.25,0.0625,0.125,0.3125,0.0625,0.1875,0.4375,0.875,0.3125,0.5625,0.74413125,0.10735,0.0402875,0.0442624999999999,0.0639562499999999,0.0368875,0.90968125,0.053425,0.0165374999999999,16.0,0.0207709031166938,0.0103267946523022,0.0
2024-05-07,91.0979995727539,91.78099822998048,89.01100158691406,90.5540008544922,90.5029296875,437342000.0,,,NVDA,-0.017212940703452,0.2525252525252525,0.1919191919191919,0.0909090909090909,0.202020202020202,0.101010101010101,0.2828282828282828,0.0909090909090909,0.3333333333333333,0.5454545454545454,0.4545454545454545,0.0909090909090909,0.6081909090909091,0.1942010101010101,0.0425565656565656,0.0427333333333333,0.1123080808080808,0.1170969696969697,0.7249808080808081,0.1579262626262626,0.0408292929292929,99.0,0.0847457627118644,0.288135593220339,0.0508474576271186,0.1864406779661017,0.0677966101694915,0.2372881355932203,0.0677966101694915,0.288135593220339,0.559322033898305,0.3389830508474576,0.2203389830508474,0.6538813559322034,0.1993322033898305,0.0372152542372881,0.0315762711864406,0.0779898305084745,0.1510084745762711,0.7497915254237287,0.0992101694915254,-0.0517983050847457,59.0,-0.0088372131469542,0.0011036138284743,-0.0192735532463456
2024-05-08,89.48300170898438,91.19400024414062,89.41999816894531,90.41200256347656,90.36100769042967,325721000.0,,,NVDA,-0.0015681480981927,0.2096774193548387,0.4516129032258064,0.0967741935483871,0.2258064516129032,0.1290322580645161,0.2741935483870967,0.0806451612903225,0.1774193548387097,0.4838709677419355,0.4193548387096774,0.064516129032258,0.5695677419354839,0.243524193548387,0.0666403225806451,0.0272403225806451,0.0930338709677419,0.1593548387096774,0.7310532258064516,0.1095887096774193,-0.049766129032258,62.0,0.2525252525252525,0.1919191919191919,0.0909090909090909,0.202020202020202,0.101010101010101,0.2828282828282828,0.0909090909090909,0.3333333333333333,0.5454545454545454,0.4545454545454545,0.0909090909090909,0.6081909090909091,0.1942010101010101,0.0425565656565656,0.0427333333333333,0.1123080808080808,0.1170969696969697,0.7249808080808081,0.1579262626262626,0.0408292929292929,99.0,0.0009601906755209,9.653607175796886e-05,-0.0173846976715352
2024-05-09,90.52899932861328,91.0719985961914,88.23100280761719,88.74700164794922,88.69695281982422,378013000.0,,,NVDA,-0.0184156298511675,0.1919191919191919,0.5656565656565656,0.0909090909090909,0.2222222222222222,0.1515151515151515,0.1515151515151515,0.2525252525252525,0.4343434343434343,0.797979797979798,0.3737373737373737,0.4242424242424242,0.6347656565656565,0.1838656565656565,0.0463181818181818,0.0455838383838383,0.0894595959595959,0.1138373737373737,0.7383434343434344,0.1478191919191919,0.0339818181818181,99.0,0.2096774193548387,0.4516129032258064,0.0967741935483871,0.2258064516129032,0.1290322580645161,0.2741935483870967,0.0806451612903225,0.1774193548387097,0.4838709677419355,0.4193548387096774,0.064516129032258,0.5695677419354839,0.243524193548387,0.0666403225806451,0.0272403225806451,0.0930338709677419,0.1593548387096774,0.7310532258064516,0.1095887096774193,-0.049766129032258,62.0,-0.0037457832489894,0.0057618070291785,-0.0238461861243615
2024-05-10,90.30500030517578,91.4010009765625,89.22699737548828,89.87799835205078,89.82730102539062,335325000.0,,,NVDA,0.0127439350465912,0.1097560975609756,0.2682926829268293,0.0975609756097561,0.1341463414634146,0.1585365853658536,0.1341463414634146,0.0853658536585365,0.2926829268292683,0.5853658536585366,0.2439024390243902,0.3414634146341463,0.5903329268292683,0.2767707317073171,0.0327439024390243,0.0366841463414634,0.063470731707317,0.1435048780487804,0.7376670731707318,0.1188268292682926,-0.0246780487804878,82.0,0.1919191919191919,0.5656565656565656,0.0909090909090909,0.2222222222222222,0.1515151515151515,0.1515151515151515,0.2525252525252525,0.4343434343434343,0.797979797979798,0.3737373737373737,0.4242424242424242,0.6347656565656565,0.1838656565656565,0.0463181818181818,0.0455838383838383,0.0894595959595959,0.1138373737373737,0.7383434343434344,0.1478191919191919,0.0339818181818181,99.0,0.0098121817107645,0.0012881038257115,-0.0110322611724001
2024-05-13,90.47799682617188,90.9980010986328,88.52899932861328,90.39900207519533,90.34801483154295,289680000.0,,,NVDA,0.005796832368426,0.1515151515151515,0.3151515151515151,0.0545454545454545,0.2242424242424242,0.1393939393939394,0.2181818181818181,0.1333333333333333,0.406060606060606,0.5515151515151515,0.4363636363636363,0.1151515151515151,0.6199054545454545,0.2218,0.041070909090909,0.0319369696969696,0.0852824242424242,0.1370272727272727,0.7597466666666667,0.1032260606060606,-0.0338012121212121,165.0,0.1097560975609756,0.2682926829268293,0.0975609756097561,0.1341463414634146,0.1585365853658536,0.1341463414634146,0.0853658536585365,0.2926829268292683,0.5853658536585366,0.2439024390243902,0.3414634146341463,0.5903329268292683,0.2767707317073171,0.0327439024390243,0.0366841463414634,0.063470731707317,0.1435048780487804,0.7376670731707318,0.1188268292682926,-0.0246780487804878,82.0,0.0020884661252578,0.0001343824890553,0.0836653525718695
2024-05-14,89.5989990234375,91.6510009765625,88.93399810791016,91.3560028076172,91.3044662475586,296507000.0,,,NVDA,0.0105863025081289,0.1555555555555555,0.3333333333333333,0.1111111111111111,0.2444444444444444,0.0888888888888888,0.3111111111111111,0.1333333333333333,0.2444444444444444,0.4666666666666667,0.4,0.0666666666666666,0.5321355555555556,0.2751044444444444,0.0752977777777777,0.0344333333333333,0.0830288888888888,0.3191088888888889,0.6113111111111111,0.0695977777777777,-0.2495111111111111,45.0,0.1515151515151515,0.3151515151515151,0.0545454545454545,0.2242424242424242,0.1393939393939394,0.2181818181818181,0.1333333333333333,0.406060606060606,0.5515151515151515,0.4363636363636363,0.1151515151515151,0.6199054545454545,0.2218,0.041070909090909,0.0319369696969696,0.0852824242424242,0.1370272727272727,0.7597466666666667,0.1032260606060606,-0.0338012121212121,165.0,0.0166289244869015,0.0045881343063423,-0.013235316185802
2024-05-15,92.47200012207033,94.86199951171876,91.5989990234375,94.62999725341795,94.57662963867188,417735000.0,,,NVDA,0.0358379335162126,0.0769230769230769,0.1538461538461538,0.0,0.1153846153846153,0.1153846153846153,0.1538461538461538,0.1346153846153846,0.25,0.4615384615384615,0.3076923076923077,0.1538461538461538,0.6063865384615384,0.2310442307692307,0.0375865384615384,0.0319557692307692,0.0930307692307692,0.1539211538461538,0.7696961538461539,0.0763961538461538,-0.077525,52.0,0.1555555555555555,0.3333333333333333,0.1111111111111111,0.2444444444444444,0.0888888888888888,0.3111111111111111,0.1333333333333333,0.2444444444444444,0.4666666666666667,0.4,0.0666666666666666,0.5321355555555556,0.2751044444444444,0.0752977777777777,0.0344333333333333,0.0830288888888888,0.3191088888888889,0.6113111111111111,0.0695977777777777,-0.2495111111111111,45.0,0.0280787886499624,0.0123831465432295,-0.072280198324461
2024-05-16,94.91000366210938,95.81900024414062,94.10299682617188,94.35900115966795,94.30577850341795,323952000.0,,,NVDA,-0.0028638273143026,0.1454545454545454,0.3272727272727272,0.0909090909090909,0.2545454545454545,0.1636363636363636,0.2,0.0909090909090909,0.4909090909090909,0.7636363636363637,0.4181818181818181,0.3454545454545454,0.4564181818181818,0.3040872727272727,0.0813672727272727,0.0313545454545454,0.1267654545454545,0.1567163636363636,0.7496036363636364,0.0936763636363636,-0.06304,55.0,0.0769230769230769,0.1538461538461538,0.0,0.1153846153846153,0.1153846153846153,0.1538461538461538,0.1346153846153846,0.25,0.4615384615384615,0.3076923076923077,0.1538461538461538,0.6063865384615384,0.2310442307692307,0.0375865384615384,0.0319557692307692,0.0930307692307692,0.1539211538461538,0.7696961538461539,0.0763961538461538,-0.077525,52.0,-0.0048989423519386,-0.0020576624619277,-0.0024096171430353
2024-05-17,94.36900329589844,94.73999786376952,91.80599975585938,92.47899627685548,92.42682647705078,359691000.0,,,NVDA,-0.0199240391859876,0.15625,0.328125,0.078125,0.265625,0.15625,0.15625,0.15625,0.3125,0.640625,0.375,0.265625,0.5313984375,0.260340625,0.085346875,0.05016875,0.07275,0.2469703125,0.6930578125,0.059971875,-0.1869984375,64.0,0.1454545454545454,0.3272727272727272,0.0909090909090909,0.2545454545454545,0.1636363636363636,0.2,0.0909090909090909,0.4909090909090909,0.7636363636363637,0.4181818181818181,0.3454545454545454,0.4564181818181818,0.3040872727272727,0.0813672727272727,0.0313545454545454,0.1267654545454545,0.1567163636363636,0.7496036363636364,0.0936763636363636,-0.06304,55.0,-0.0056634013270113,0.0014375154397507,-0.0346216024584833
2024-05-20,93.75,95.1999969482422,93.44000244140624,94.77999877929688,94.72655487060548,318764000.0,,,NVDA,0.0248816115538244,0.1213872832369942,0.3063583815028902,0.0520231213872832,0.1676300578034682,0.1734104046242774,0.1502890173410404,0.0924855491329479,0.3641618497109826,0.5086705202312138,0.3699421965317919,0.1387283236994219,0.5750028901734103,0.2438057803468208,0.0450398843930635,0.0319635838150289,0.1041942196531792,0.1286323699421965,0.7847341040462429,0.086628901734104,-0.0420034682080924,173.0,0.15625,0.328125,0.078125,0.265625,0.15625,0.15625,0.15625,0.3125,0.640625,0.375,0.265625,0.5313984375,0.260340625,0.085346875,0.05016875,0.07275,0.2469703125,0.6930578125,0.059971875,-0.1869984375,64.0,0.0219943248622545,0.0011521639296525,0.0133444412399006
2024-05-21,93.5989990234375,95.4000015258789,93.18000030517578,95.38600158691406,95.33220672607422,328946000.0,,,NVDA,0.0063936860819655,0.1176470588235294,0.5098039215686274,0.088235294117647,0.2156862745098039,0.1274509803921568,0.1470588235294117,0.196078431372549,0.3235294117647059,0.7058823529411765,0.3235294117647059,0.3823529411764705,0.7082274509803921,0.1286715686274509,0.0354205882352941,0.0377147058823529,0.0899549019607843,0.1281450980392157,0.7153294117647059,0.1565303921568627,0.028385294117647,102.0,0.1213872832369942,0.3063583815028902,0.0520231213872832,0.1676300578034682,0.1734104046242774,0.1502890173410404,0.0924855491329479,0.3641618497109826,0.5086705202312138,0.3699421965317919,0.1387283236994219,0.5750028901734103,0.2438057803468208,0.0450398843930635,0.0319635838150289,0.1041942196531792,0.1286323699421965,0.7847341040462429,0.086628901734104,-0.0420034682080924,173.0,-0.0032152523300473,0.0024524160284589,-0.0238683103669189
2024-05-22,95.45899963378906,96.0199966430664,93.2490005493164,94.9499969482422,94.89644622802734,548648000.0,,,NVDA,-0.0045709683328634,0.0820895522388059,0.3582089552238806,0.044776119402985,0.1492537313432835,0.2014925373134328,0.1716417910447761,0.1044776119402985,0.4402985074626865,1.0,0.3059701492537313,0.6940298507462687,0.7053358208955224,0.1530022388059701,0.0372470149253731,0.0389634328358209,0.0654462686567164,0.1553492537313432,0.5747029850746268,0.2699522388059701,0.1146029850746268,134.0,0.1176470588235294,0.5098039215686274,0.088235294117647,0.2156862745098039,0.1274509803921568,0.1470588235294117,0.196078431372549,0.3235294117647059,0.7058823529411765,0.3235294117647059,0.3823529411764705,0.7082274509803921,0.1286715686274509,0.0354205882352941,0.0377147058823529,0.0899549019607843,0.1281450980392157,0.7153294117647059,0.1565303921568627,0.028385294117647,102.0,0.0117414158825261,-0.0028791751275037,0.0362563505584663
2024-05-23,102.02799987792967,106.31999969482422,101.5199966430664,103.79900360107422,103.7404556274414,835065000.0,,,NVDA,0.0931964235853757,0.1111111111111111,0.2,0.0444444444444444,0.0666666666666666,0.0666666666666666,0.1111111111111111,0.1333333333333333,0.2444444444444444,0.4666666666666667,0.4666666666666667,0.0,0.6559,0.1815355555555555,0.0370222222222222,0.0418777777777777,0.0836622222222222,0.1743133333333333,0.71812,0.1075666666666666,-0.0667466666666666,45.0,0.0820895522388059,0.3582089552238806,0.044776119402985,0.1492537313432835,0.2014925373134328,0.1716417910447761,0.1044776119402985,0.4402985074626865,1.0,0.3059701492537313,0.6940298507462687,0.7053358208955224,0.1530022388059701,0.0372470149253731,0.0389634328358209,0.0654462686567164,0.1553492537313432,0.5747029850746268,0.2699522388059701,0.1146029850746268,134.0,-0.0056112663736406,-0.0073041546325136,0.0390561836778291
2024-05-24,104.4489974975586,106.4749984741211,103.0,106.46900177001952,106.40894317626952,429494000.0,,,NVDA,0.0257227282518532,0.1320754716981132,0.2735849056603773,0.0754716981132075,0.1792452830188679,0.0754716981132075,0.1792452830188679,0.1037735849056603,0.3396226415094339,0.4622641509433962,0.3396226415094339,0.1226415094339622,0.5869443396226415,0.2527216981132075,0.0497867924528301,0.029416037735849,0.0811311320754716,0.1566622641509434,0.7200301886792453,0.1233113207547169,-0.0333509433962264,106.0,0.1111111111111111,0.2,0.0444444444444444,0.0666666666666666,0.0666666666666666,0.1111111111111111,0.1333333333333333,0.2444444444444444,0.4666666666666667,0.4666666666666667,0.0,0.6559,0.1815355555555555,0.0370222222222222,0.0418777777777777,0.0836622222222222,0.1743133333333333,0.71812,0.1075666666666666,-0.0667466666666666,45.0,0.0198358292905855,0.0066163904517906,-0.0657791795204832
2024-05-28,110.24400329589844,114.93900299072266,109.88300323486328,113.9010009765625,113.83676147460938,652728000.0,,,NVDA,0.0698044551202379,0.1087719298245614,0.3473684210526316,0.0807017543859649,0.2736842105263158,0.1263157894736842,0.2070175438596491,0.1228070175438596,0.3824561403508772,0.6631578947368421,0.4421052631578947,0.2210526315789473,0.6219845614035088,0.2150364912280702,0.0407884210526315,0.0341175438596491,0.0880768421052631,0.1725754385964912,0.7112842105263159,0.116139298245614,-0.0564361403508771,285.0,0.1320754716981132,0.2735849056603773,0.0754716981132075,0.1792452830188679,0.0754716981132075,0.1792452830188679,0.1037735849056603,0.3396226415094339,0.4622641509433962,0.3396226415094339,0.1226415094339622,0.5869443396226415,0.2527216981132075,0.0497867924528301,0.029416037735849,0.0811311320754716,0.1566622641509434,0.7200301886792453,0.1233113207547169,-0.0333509433962264,106.0,0.0168929791667489,0.0006987272701077,0.0829840524554434
2024-05-29,113.0500030517578,115.49199676513672,110.9010009765625,114.8249969482422,114.76023864746094,557442000.0,,,NVDA,0.0081122930843173,0.2222222222222222,0.4444444444444444,0.1851851851851851,0.4074074074074074,0.2037037037037037,0.2222222222222222,0.2407407407407407,0.5185185185185185,0.8888888888888888,0.5370370370370371,0.3518518518518518,0.5993555555555555,0.2371222222222222,0.0652555555555555,0.0293666666666666,0.0688962962962963,0.2091944444444444,0.6684907407407408,0.122324074074074,-0.0868703703703703,54.0,0.1087719298245614,0.3473684210526316,0.0807017543859649,0.2736842105263158,0.1263157894736842,0.2070175438596491,0.1228070175438596,0.3824561403508772,0.6631578947368421,0.4421052631578947,0.2210526315789473,0.6219845614035088,0.2150364912280702,0.0407884210526315,0.0341175438596491,0.0880768421052631,0.1725754385964912,0.7112842105263159,0.116139298245614,-0.0564361403508771,285.0,-0.0206520637918411,-0.00700257287704,0.1052631307001785
2024-05-30,114.6500015258789,115.81900024414062,109.66300201416016,110.5,110.43767547607422,484553000.0,,,NVDA,-0.0376660350512643,0.0821917808219178,0.136986301369863,0.0547945205479452,0.2328767123287671,0.0958904109589041,0.136986301369863,0.0821917808219178,0.1643835616438356,0.3835616438356164,0.2876712328767123,0.0958904109589041,0.601013698630137,0.2457479452054794,0.0529041095890411,0.024845205479452,0.0754835616438356,0.1323890410958904,0.7446780821917808,0.122931506849315,-0.0094575342465753,73.0,0.2222222222222222,0.4444444444444444,0.1851851851851851,0.4074074074074074,0.2037037037037037,0.2222222222222222,0.2407407407407407,0.5185185185185185,0.8888888888888888,0.5370370370370371,0.3518518518518518,0.5993555555555555,0.2371222222222222,0.0652555555555555,0.0293666666666666,0.0688962962962963,0.2091944444444444,0.6684907407407408,0.122324074074074,-0.0868703703703703,54.0,-0.0069451289465299,-0.0066336455994951,0.0133053597766479
2024-05-31,112.5199966430664,112.71700286865234,106.94000244140624,109.63300323486328,109.5711669921875,613263000.0,,,NVDA,-0.0078461311337039,0.1296296296296296,0.2037037037037037,0.0555555555555555,0.2222222222222222,0.2222222222222222,0.1481481481481481,0.0185185185185185,0.3888888888888889,0.5740740740740741,0.2592592592592592,0.3148148148148148,0.6225055555555555,0.2100851851851851,0.0388888888888888,0.0316462962962963,0.0968907407407407,0.1525277777777777,0.7218555555555556,0.1256203703703703,-0.0269074074074074,54.0,0.0821917808219178,0.136986301369863,0.0547945205479452,0.2328767123287671,0.0958904109589041,0.136986301369863,0.0821917808219178,0.1643835616438356,0.3835616438356164,0.2876712328767123,0.0958904109589041,0.601013698630137,0.2457479452054794,0.0529041095890411,0.024845205479452,0.0754835616438356,0.1323890410958904,0.7446780821917808,0.122931506849315,-0.0094575342465753,73.0,-0.0081379486200433,0.009108256732347,-0.1071181867402364
2024-06-03,113.62100219726562,115.0,112.00299835205078,115.0,114.93514251708984,438392000.0,,,NVDA,0.0489542611632931,0.203125,0.46875,0.09375,0.140625,0.25,0.234375,0.0625,0.515625,1.171875,0.515625,0.65625,0.647290625,0.1364046875,0.0470703125,0.0641765625,0.1050515625,0.1028953125,0.790190625,0.10691875,0.0040234375,64.0,0.1296296296296296,0.2037037037037037,0.0555555555555555,0.2222222222222222,0.2222222222222222,0.1481481481481481,0.0185185185185185,0.3888888888888889,0.5740740740740741,0.2592592592592592,0.3148148148148148,0.6225055555555555,0.2100851851851851,0.0388888888888888,0.0316462962962963,0.0968907407407407,0.1525277777777777,0.7218555555555556,0.1256203703703703,-0.0269074074074074,54.0,0.0016238091922806,0.0008151608537849,0.0147058497880288
2024-06-04,115.71600341796876,116.5999984741211,114.04499816894533,116.43699645996094,116.37132263183594,403324000.0,,,NVDA,0.0124955699648829,0.074074074074074,0.6666666666666666,0.074074074074074,0.1481481481481481,0.1481481481481481,0.1481481481481481,0.074074074074074,0.4444444444444444,1.3333333333333333,0.2962962962962963,1.037037037037037,0.6615407407407408,0.1499444444444444,0.0324148148148148,0.0614148148148148,0.0946703703703703,0.1543518518518518,0.6671407407407407,0.1785074074074074,0.0241555555555555,27.0,0.203125,0.46875,0.09375,0.140625,0.25,0.234375,0.0625,0.515625,1.171875,0.515625,0.65625,0.647290625,0.1364046875,0.0470703125,0.0641765625,0.1050515625,0.1028953125,0.790190625,0.10691875,0.0040234375,64.0,-0.0078074730818916,0.0011178602848773,0.003813897181103
2024-06-05,118.37100219726562,122.4489974975586,117.46800231933594,122.44000244140624,122.3709487915039,528402000.0,,,NVDA,0.0515558818442667,0.4285714285714285,0.5714285714285714,0.0,0.0,0.2857142857142857,0.0,0.0,0.4285714285714285,0.4285714285714285,0.4285714285714285,0.0,0.7731142857142858,0.0502571428571428,0.0172,0.0196571428571428,0.1397571428571428,0.0170714285714285,0.8123571428571428,0.1705714285714285,0.1535,7.0,0.074074074074074,0.6666666666666666,0.074074074074074,0.1481481481481481,0.1481481481481481,0.1481481481481481,0.074074074074074,0.4444444444444444,1.3333333333333333,0.2962962962962963,1.037037037037037,0.6615407407407408,0.1499444444444444,0.0324148148148148,0.0614148148148148,0.0946703703703703,0.1543518518518518,0.6671407407407407,0.1785074074074074,0.0241555555555555,27.0,0.0437306380396731,0.0118852865387251,-0.0402735364070246
2024-06-06,124.0479965209961,125.58699798583984,118.31999969482422,120.9980010986328,120.92975616455078,664696000.0,,,NVDA,-0.0117772448541576,0.1333333333333333,0.2,0.0888888888888888,0.1555555555555555,0.0666666666666666,0.0888888888888888,0.1555555555555555,0.2222222222222222,0.4222222222222222,0.2222222222222222,0.2,0.6675444444444445,0.1682355555555555,0.0327844444444444,0.0386377777777777,0.0927844444444444,0.0903933333333333,0.7995622222222222,0.1100577777777777,0.0196644444444444,45.0,0.4285714285714285,0.5714285714285714,0.0,0.0,0.2857142857142857,0.0,0.0,0.4285714285714285,0.4285714285714285,0.4285714285714285,0.0,0.7731142857142858,0.0502571428571428,0.0172,0.0196571428571428,0.1397571428571428,0.0170714285714285,0.8123571428571428,0.1705714285714285,0.1535,7.0,-0.0081983785880443,-1.870927954539248e-05,-0.0039588432527165
2024-06-07,119.7699966430664,121.69200134277344,118.02200317382812,120.88800048828124,120.81982421875,412386000.0,,,NVDA,-0.000909056209881,0.1304347826086956,0.2391304347826087,0.0217391304347826,0.0217391304347826,0.108695652173913,0.0434782608695652,0.0869565217391304,0.3043478260869565,0.5217391304347826,0.3478260869565217,0.1739130434782608,0.6228021739130435,0.2052934782608695,0.049241304347826,0.0283543478260869,0.0943065217391304,0.1116478260869565,0.7793304347826088,0.1090260869565217,-0.0026217391304347,46.0,0.1333333333333333,0.2,0.0888888888888888,0.1555555555555555,0.0666666666666666,0.0888888888888888,0.1555555555555555,0.2222222222222222,0.4222222222222222,0.2222222222222222,0.2,0.6675444444444445,0.1682355555555555,0.0327844444444444,0.0386377777777777,0.0927844444444444,0.0903933333333333,0.7995622222222222,0.1100577777777777,0.0196644444444444,45.0,-0.0029907889095023,-0.0012158920529211,-0.0286168250286594
2024-06-10,120.37000274658205,123.0999984741211,117.01000213623048,121.79000091552734,121.72130584716795,313434100.0,,,NVDA,0.0074613717926437,0.1132075471698113,0.2169811320754717,0.080188679245283,0.1273584905660377,0.1179245283018868,0.1320754716981132,0.1037735849056603,0.2830188679245283,0.4716981132075472,0.2830188679245283,0.1886792452830188,0.6132264150943396,0.2494900943396226,0.0428424528301886,0.0268561320754717,0.0675858490566037,0.1354018867924528,0.7904580188679246,0.0741481132075471,-0.0612537735849056,212.0,0.1304347826086956,0.2391304347826087,0.0217391304347826,0.0217391304347826,0.108695652173913,0.0434782608695652,0.0869565217391304,0.3043478260869565,0.5217391304347826,0.3478260869565217,0.1739130434782608,0.6228021739130435,0.2052934782608695,0.049241304347826,0.0283543478260869,0.0943065217391304,0.1116478260869565,0.7793304347826088,0.1090260869565217,-0.0026217391304347,46.0,0.0144154659359736,0.0030899103982182,0.0425531499776137
2024-06-11,121.7699966430664,122.87000274658205,118.73999786376952,120.91000366210938,120.85173797607422,222551200.0,0.01,,NVDA,-0.0071439249278639,0.1232876712328767,0.3287671232876712,0.0684931506849315,0.2054794520547945,0.136986301369863,0.1917808219178082,0.136986301369863,0.410958904109589,0.5616438356164384,0.4246575342465753,0.136986301369863,0.5428424657534247,0.2352739726027397,0.0360013698630136,0.0598383561643835,0.1260479452054794,0.1280342465753425,0.7329356164383561,0.1390205479452055,0.010986301369863,73.0,0.1132075471698113,0.2169811320754717,0.080188679245283,0.1273584905660377,0.1179245283018868,0.1320754716981132,0.1037735849056603,0.2830188679245283,0.4716981132075472,0.2830188679245283,0.1886792452830188,0.6132264150943396,0.2494900943396226,0.0428424528301886,0.0268561320754717,0.0675858490566037,0.1354018867924528,0.7904580188679246,0.0741481132075471,-0.0612537735849056,212.0,0.0008225118888391,0.0024083363874254,0.0086342709833431
2024-06-12,123.05999755859376,126.87999725341795,122.56999969482422,125.1999969482422,125.13966369628906,299595000.0,,,NVDA,0.0354808775779769,0.1111111111111111,0.3703703703703703,0.0,0.1111111111111111,0.0925925925925925,0.1851851851851851,0.0925925925925925,0.4444444444444444,0.5740740740740741,0.1851851851851851,0.3888888888888889,0.6461018518518519,0.2107851851851852,0.04165,0.027237037037037,0.0742166666666666,0.1779796296296296,0.7038148148148148,0.1181962962962963,-0.0597833333333333,54.0,0.1232876712328767,0.3287671232876712,0.0684931506849315,0.2054794520547945,0.136986301369863,0.1917808219178082,0.136986301369863,0.410958904109589,0.5616438356164384,0.4246575342465753,0.136986301369863,0.5428424657534247,0.2352739726027397,0.0360013698630136,0.0598383561643835,0.1260479452054794,0.1280342465753425,0.7329356164383561,0.1390205479452055,0.010986301369863,73.0,0.0281875257537345,0.0082131961183804,-0.0630350502389677
2024-06-13,129.38999938964844,129.8000030517578,127.16000366210938,129.61000061035156,129.54751586914062,260704500.0,,,NVDA,0.0352234618717637,0.0333333333333333,0.2,0.0166666666666666,0.1333333333333333,0.0833333333333333,0.1166666666666666,0.0833333333333333,0.2833333333333333,0.5,0.2166666666666666,0.2833333333333333,0.5764883333333334,0.2670766666666667,0.0410016666666666,0.03305,0.08237,0.1632883333333333,0.7758566666666666,0.0608466666666666,-0.1024416666666666,60.0,0.1111111111111111,0.3703703703703703,0.0,0.1111111111111111,0.0925925925925925,0.1851851851851851,0.0925925925925925,0.4444444444444444,0.5740740740740741,0.1851851851851851,0.3888888888888889,0.6461018518518519,0.2107851851851852,0.04165,0.027237037037037,0.0742166666666666,0.1779796296296296,0.7038148148148148,0.1181962962962963,-0.0597833333333333,54.0,0.0108699622038819,0.0020131859522305,-0.0083056795503789
2024-06-14,129.9600067138672,132.83999633789062,128.32000732421875,131.8800048828125,131.8164520263672,309320400.0,,,NVDA,0.0175143162105746,0.0869565217391304,0.3695652173913043,0.0434782608695652,0.108695652173913,0.1304347826086956,0.1739130434782608,0.0652173913043478,0.3260869565217391,0.391304347826087,0.3260869565217391,0.0652173913043478,0.6614065217391305,0.1875826086956522,0.0352586956521739,0.0326891304347826,0.0830565217391304,0.1624543478260869,0.7618086956521739,0.0757326086956521,-0.0867217391304347,46.0,0.0333333333333333,0.2,0.0166666666666666,0.1333333333333333,0.0833333333333333,0.1166666666666666,0.0833333333333333,0.2833333333333333,0.5,0.2166666666666666,0.2833333333333333,0.5764883333333334,0.2670766666666667,0.0410016666666666,0.03305,0.08237,0.1632883333333333,0.7758566666666666,0.0608466666666666,-0.1024416666666666,60.0,-0.0035975618091963,0.000608551251541,0.0603015320211339
2024-06-17,132.99000549316406,133.72999572753906,129.5800018310547,130.97999572753906,130.91688537597656,288504400.0,,,NVDA,-0.0068243882805363,0.1210526315789473,0.2526315789473684,0.0421052631578947,0.1578947368421052,0.1,0.1526315789473684,0.0684210526315789,0.2631578947368421,0.5526315789473685,0.3684210526315789,0.1842105263157894,0.6074336842105263,0.2488557894736842,0.0375268421052631,0.0267684210526315,0.0794068421052631,0.1320610526315789,0.7431857894736842,0.1247521052631578,-0.007308947368421,190.0,0.0869565217391304,0.3695652173913043,0.0434782608695652,0.108695652173913,0.1304347826086956,0.1739130434782608,0.0652173913043478,0.3260869565217391,0.391304347826087,0.3260869565217391,0.0652173913043478,0.6614065217391305,0.1875826086956522,0.0352586956521739,0.0326891304347826,0.0830565217391304,0.1624543478260869,0.7618086956521739,0.0757326086956521,-0.0867217391304347,46.0,0.0157911916080031,0.0079588795828982,0.0071090168777756
2024-06-18,131.13999938964844,136.3300018310547,130.69000244140625,135.5800018310547,135.5146484375,294335100.0,,,NVDA,0.0351197100994211,0.1263157894736842,0.2,0.031578947368421,0.2421052631578947,0.1263157894736842,0.1894736842105263,0.1368421052631579,0.3157894736842105,0.5684210526315789,0.3578947368421052,0.2105263157894736,0.583141052631579,0.1964715789473684,0.0457936842105263,0.0622957894736842,0.112298947368421,0.139418947368421,0.7322810526315789,0.1282978947368421,-0.0111210526315789,95.0,0.1210526315789473,0.2526315789473684,0.0421052631578947,0.1578947368421052,0.1,0.1526315789473684,0.0684210526315789,0.2631578947368421,0.5526315789473685,0.3684210526315789,0.1842105263157894,0.6074336842105263,0.2488557894736842,0.0375268421052631,0.0267684210526315,0.0794068421052631,0.1320610526315789,0.7431857894736842,0.1247521052631578,-0.007308947368421,190.0,0.0127334393021183,0.0025405909456592,-0.0352941026874616
2024-06-20,139.8000030517578,140.75999450683594,129.52000427246094,130.77999877929688,130.71697998046875,517768400.0,,,NVDA,-0.0354033199535912,0.1338582677165354,0.2598425196850393,0.0708661417322834,0.2598425196850393,0.1023622047244094,0.2362204724409448,0.0708661417322834,0.3307086614173228,0.4488188976377952,0.4094488188976378,0.0393700787401574,0.5982826771653543,0.2300700787401575,0.0563480314960629,0.0356692913385826,0.0796173228346456,0.2119803149606299,0.681175590551181,0.1068456692913385,-0.1051346456692913,127.0,0.1263157894736842,0.2,0.031578947368421,0.2421052631578947,0.1263157894736842,0.1894736842105263,0.1368421052631579,0.3157894736842105,0.5684210526315789,0.3578947368421052,0.2105263157894736,0.583141052631579,0.1964715789473684,0.0457936842105263,0.0622957894736842,0.112298947368421,0.139418947368421,0.7322810526315789,0.1282978947368421,-0.0111210526315789,95.0,-0.0271521167050167,-0.0027161894878713,0.0796747582959003
2024-06-21,127.12000274658205,130.6300048828125,124.3000030517578,126.56999969482422,126.50900268554688,649445800.0,,,NVDA,-0.0321915124993754,0.1428571428571428,0.238095238095238,0.0714285714285714,0.0714285714285714,0.2142857142857142,0.1666666666666666,0.0714285714285714,0.3809523809523809,0.9285714285714286,0.2619047619047619,0.6666666666666666,0.5758952380952381,0.2041785714285714,0.0846428571428571,0.0489404761904761,0.0863523809523809,0.157447619047619,0.7327071428571429,0.1098380952380952,-0.0476095238095238,42.0,0.1338582677165354,0.2598425196850393,0.0708661417322834,0.2598425196850393,0.1023622047244094,0.2362204724409448,0.0708661417322834,0.3307086614173228,0.4488188976377952,0.4094488188976378,0.0393700787401574,0.5982826771653543,0.2300700787401575,0.0563480314960629,0.0356692913385826,0.0796173228346456,0.2119803149606299,0.681175590551181,0.1068456692913385,-0.1051346456692913,127.0,-0.0097527589047101,-0.0013409343999393,-0.0060240907616461
2024-06-24,123.23999786376952,124.45999908447266,118.04000091552734,118.11000061035156,118.0530776977539,476060900.0,,,NVDA,-0.06684049995091,0.1029411764705882,0.2205882352941176,0.0637254901960784,0.1519607843137254,0.1372549019607843,0.1274509803921568,0.1225490196078431,0.3333333333333333,0.5441176470588235,0.2598039215686274,0.284313725490196,0.5911691176470588,0.246703431372549,0.0410122549019607,0.0368117647058823,0.0842980392156862,0.156963725490196,0.746946568627451,0.0960936274509803,-0.0608700980392156,204.0,0.1428571428571428,0.238095238095238,0.0714285714285714,0.0714285714285714,0.2142857142857142,0.1666666666666666,0.0714285714285714,0.3809523809523809,0.9285714285714286,0.2619047619047619,0.6666666666666666,0.5758952380952381,0.2041785714285714,0.0846428571428571,0.0489404761904761,0.0863523809523809,0.157447619047619,0.7327071428571429,0.1098380952380952,-0.0476095238095238,42.0,-0.0285451331931719,-0.0032508560049561,0.0098484936605582
2024-06-25,121.1999969482422,126.5,119.31999969482422,126.08999633789062,126.02923583984376,414192600.0,,,NVDA,0.0675641694197153,0.2205882352941176,0.25,0.0735294117647058,0.1911764705882352,0.0441176470588235,0.2058823529411764,0.0588235294117647,0.25,0.6911764705882353,0.4117647058823529,0.2794117647058823,0.6506191176470588,0.2014147058823529,0.0525647058823529,0.0330397058823529,0.0623573529411764,0.1994705882352941,0.6677294117647059,0.1328073529411765,-0.0666632352941176,68.0,0.1029411764705882,0.2205882352941176,0.0637254901960784,0.1519607843137254,0.1372549019607843,0.1274509803921568,0.1225490196078431,0.3333333333333333,0.5441176470588235,0.2598039215686274,0.284313725490196,0.5911691176470588,0.246703431372549,0.0410122549019607,0.0368117647058823,0.0842980392156862,0.156963725490196,0.746946568627451,0.0960936274509803,-0.0608700980392156,204.0,0.0153719959005127,0.0038510793505606,-0.0367591728374093
2024-06-26,126.12999725341795,128.1199951171875,122.5999984741211,126.4000015258789,126.33909606933594,362975900.0,,,NVDA,0.0024586376917015,0.1296296296296296,0.2222222222222222,0.0,0.2592592592592592,0.0555555555555555,0.1666666666666666,0.074074074074074,0.3148148148148148,0.5185185185185185,0.3333333333333333,0.1851851851851851,0.6130296296296296,0.1959074074074074,0.0647777777777777,0.0424481481481481,0.0838555555555555,0.1239,0.7867537037037037,0.0893481481481481,-0.0345518518518518,54.0,0.2205882352941176,0.25,0.0735294117647058,0.1911764705882352,0.0441176470588235,0.2058823529411764,0.0588235294117647,0.25,0.6911764705882353,0.4117647058823529,0.2794117647058823,0.6506191176470588,0.2014147058823529,0.0525647058823529,0.0330397058823529,0.0623573529411764,0.1994705882352941,0.6677294117647059,0.1328073529411765,-0.0666632352941176,68.0,-0.0038963811369412,0.0012482662333517,-0.02258566654258
2024-06-27,124.0999984741211,126.41000366210938,122.91999816894533,123.98999786376952,123.93025207519533,252571700.0,,,NVDA,-0.0190664969837889,0.108433734939759,0.3253012048192771,0.072289156626506,0.1325301204819277,0.0602409638554216,0.108433734939759,0.108433734939759,0.3012048192771084,0.6265060240963856,0.2771084337349397,0.3493975903614458,0.7115325301204819,0.1624409638554216,0.0414481927710843,0.0347771084337349,0.0498084337349397,0.1143795180722891,0.7949361445783132,0.0906855421686747,-0.0236939759036144,83.0,0.1296296296296296,0.2222222222222222,0.0,0.2592592592592592,0.0555555555555555,0.1666666666666666,0.074074074074074,0.3148148148148148,0.5185185185185185,0.3333333333333333,0.1851851851851851,0.6130296296296296,0.1959074074074074,0.0647777777777777,0.0424481481481481,0.0838555555555555,0.1239,0.7867537037037037,0.0893481481481481,-0.0345518518518518,54.0,-0.0051340160739778,0.0015761805160234,-0.0247012282793078
2024-06-28,124.58000183105467,127.70999908447266,122.75,123.54000091552734,123.48046875,315516700.0,,,NVDA,-0.0036293263159218,0.1063829787234042,0.3617021276595745,0.0212765957446808,0.1702127659574468,0.0638297872340425,0.1702127659574468,0.1702127659574468,0.4893617021276595,0.4893617021276595,0.3191489361702128,0.1702127659574468,0.6477723404255319,0.1930808510638297,0.0492085106382978,0.0416255319148936,0.0683148936170212,0.1329595744680851,0.7795212765957448,0.0875297872340425,-0.0454297872340425,47.0,0.108433734939759,0.3253012048192771,0.072289156626506,0.1325301204819277,0.0602409638554216,0.108433734939759,0.108433734939759,0.3012048192771084,0.6265060240963856,0.2771084337349397,0.3493975903614458,0.7115325301204819,0.1624409638554216,0.0414481927710843,0.0347771084337349,0.0498084337349397,0.1143795180722891,0.7949361445783132,0.0906855421686747,-0.0236939759036144,83.0,0.0101162262379617,-0.0039351056592978,0.0163398540036792
2024-07-01,123.47000122070312,124.83999633789062,118.83000183105467,124.3000030517578,124.24009704589844,284885500.0,,,NVDA,0.0061518092989782,0.1619047619047619,0.2761904761904762,0.0761904761904762,0.1952380952380952,0.1571428571428571,0.1952380952380952,0.1142857142857142,0.4428571428571428,0.719047619047619,0.419047619047619,0.3,0.5744047619047619,0.2488438095238095,0.0487585714285714,0.0303309523809523,0.097665238095238,0.1453395238095238,0.742722380952381,0.11194,-0.0333995238095238,210.0,0.1063829787234042,0.3617021276595745,0.0212765957446808,0.1702127659574468,0.0638297872340425,0.1702127659574468,0.1702127659574468,0.4893617021276595,0.4893617021276595,0.3191489361702128,0.1702127659574468,0.6477723404255319,0.1930808510638297,0.0492085106382978,0.0416255319148936,0.0683148936170212,0.1329595744680851,0.7795212765957448,0.0875297872340425,-0.0454297872340425,47.0,-4.049856424137577e-05,0.0020582323798634,-0.0176848328597543
2024-07-02,121.12999725341795,123.41000366210938,121.02999877929688,122.66999816894533,122.61089324951172,218374000.0,,,NVDA,-0.0131133493543943,0.0384615384615384,0.1923076923076923,0.0,0.0,0.0384615384615384,0.0,0.0,0.1538461538461538,0.3846153846153846,0.1153846153846153,0.2692307692307692,0.6187115384615385,0.2292153846153846,0.0586884615384615,0.0205076923076923,0.0728884615384615,0.0824615384615384,0.7596461538461539,0.1578807692307692,0.0754192307692307,26.0,0.1619047619047619,0.2761904761904762,0.0761904761904762,0.1952380952380952,0.1571428571428571,0.1952380952380952,0.1142857142857142,0.4428571428571428,0.719047619047619,0.419047619047619,0.3,0.5744047619047619,0.2488438095238095,0.0487585714285714,0.0303309523809523,0.097665238095238,0.1453395238095238,0.742722380952381,0.11194,-0.0333995238095238,210.0,0.014070221720779,0.0067297396439831,-0.0155483248695389
2024-07-03,121.66000366210938,128.27999877929688,121.36000061035156,128.27999877929688,128.21817016601562,215749000.0,,,NVDA,0.045732289912391,0.0833333333333333,0.25,0.0833333333333333,0.25,0.1666666666666666,0.3333333333333333,0.0833333333333333,0.5,1.0833333333333333,0.5,0.5833333333333334,0.5807666666666667,0.2824166666666666,0.0439083333333333,0.0313166666666666,0.0615833333333333,0.2169916666666666,0.6785583333333333,0.10445,-0.1125416666666666,12.0,0.0384615384615384,0.1923076923076923,0.0,0.0,0.0384615384615384,0.0,0.0,0.1538461538461538,0.3846153846153846,0.1153846153846153,0.2692307692307692,0.6187115384615385,0.2292153846153846,0.0586884615384615,0.0205076923076923,0.0728884615384615,0.0824615384615384,0.7596461538461539,0.1578807692307692,0.0754192307692307,26.0,0.0166739475295158,0.0044626316745368,0.0049875661636344
2024-07-05,127.37999725341795,128.85000610351562,125.68000030517578,125.83000183105467,125.76936340332033,214176700.0,,,NVDA,-0.0190987498848611,0.0793650793650793,0.2222222222222222,0.0317460317460317,0.0634920634920634,0.1269841269841269,0.1111111111111111,0.0317460317460317,0.3174603174603174,0.6984126984126984,0.2222222222222222,0.4761904761904761,0.6568412698412699,0.1619063492063492,0.0328365079365079,0.0357523809523809,0.1126460317460317,0.089979365079365,0.7721761904761905,0.1378444444444444,0.0478650793650793,63.0,0.0833333333333333,0.25,0.0833333333333333,0.25,0.1666666666666666,0.3333333333333333,0.0833333333333333,0.5,1.0833333333333333,0.5,0.5833333333333334,0.5807666666666667,0.2824166666666666,0.0439083333333333,0.0313166666666666,0.0615833333333333,0.2169916666666666,0.6785583333333333,0.10445,-0.1125416666666666,12.0,0.0019665915022724,0.0057665833344069,0.0322580136250003
2024-07-08,127.48999786376952,130.77000427246094,127.04000091552734,128.1999969482422,128.13819885253906,237677300.0,,,NVDA,0.0188347574092611,0.1,0.35,0.05,0.2,0.15,0.15,0.2,0.3,0.5,0.3,0.2,0.7154849999999999,0.107695,0.031105,0.0355049999999999,0.110205,0.079115,0.707735,0.213165,0.13405,20.0,0.0793650793650793,0.2222222222222222,0.0317460317460317,0.0634920634920634,0.1269841269841269,0.1111111111111111,0.0317460317460317,0.3174603174603174,0.6984126984126984,0.2222222222222222,0.4761904761904761,0.6568412698412699,0.1619063492063492,0.0328365079365079,0.0357523809523809,0.1126460317460317,0.089979365079365,0.7721761904761905,0.1378444444444444,0.0478650793650793,63.0,0.0189588723800882,0.001153715383763,-0.0088140753775648
2024-07-09,130.35000610351562,133.82000732421875,128.64999389648438,131.3800048828125,131.3166961669922,285366600.0,,,NVDA,0.0248052285962823,0.09375,0.28125,0.0625,0.125,0.1875,0.125,0.21875,0.3125,0.90625,0.25,0.65625,0.5778125,0.1875062499999999,0.027984375,0.076121875,0.130559375,0.073834375,0.749625,0.17653125,0.102696875,32.0,0.1,0.35,0.05,0.2,0.15,0.15,0.2,0.3,0.5,0.3,0.2,0.7154849999999999,0.107695,0.031105,0.0355049999999999,0.110205,0.079115,0.707735,0.213165,0.13405,20.0,-0.000462076979527,0.0009725921162351,0.0113177319820505
2024-07-10,134.02999877929688,135.10000610351562,132.4199981689453,134.91000366210938,134.84500122070312,248978600.0,,,NVDA,0.0268686706009118,0.0,0.1304347826086956,0.0,0.1739130434782608,0.0869565217391304,0.1739130434782608,0.0869565217391304,0.2608695652173913,0.4347826086956521,0.3478260869565217,0.0869565217391304,0.7075217391304348,0.1692043478260869,0.0261869565217391,0.0350521739130434,0.0620521739130434,0.1382782608695652,0.7814391304347825,0.080291304347826,-0.0579869565217391,23.0,0.09375,0.28125,0.0625,0.125,0.1875,0.125,0.21875,0.3125,0.90625,0.25,0.65625,0.5778125,0.1875062499999999,0.027984375,0.076121875,0.130559375,0.073834375,0.749625,0.17653125,0.102696875,32.0,0.0232009191074757,0.0098950809496622,0.0271782690941069
2024-07-11,135.75,136.14999389648438,127.0500030517578,127.4000015258789,127.33860778808594,374782700.0,,,NVDA,-0.0556668275773259,0.0,0.04,0.08,0.0,0.04,0.04,0.0,0.12,0.48,0.08,0.4,0.613416,0.211284,0.037944,0.028896,0.108456,0.0851279999999999,0.84746,0.067416,-0.017712,25.0,0.0,0.1304347826086956,0.0,0.1739130434782608,0.0869565217391304,0.1739130434782608,0.0869565217391304,0.2608695652173913,0.4347826086956521,0.3478260869565217,0.0869565217391304,0.7075217391304348,0.1692043478260869,0.0261869565217391,0.0350521739130434,0.0620521739130434,0.1382782608695652,0.7814391304347825,0.080291304347826,-0.0579869565217391,23.0,-0.0328823352984568,-0.0086223923294537,0.0054474469063177
2024-07-12,128.25999450683594,131.9199981689453,127.22000122070312,129.24000549316406,129.17774963378906,252680500.0,,,NVDA,0.0144429240875931,0.1363636363636363,0.2727272727272727,0.0681818181818181,0.2045454545454545,0.1590909090909091,0.2272727272727272,0.0909090909090909,0.3863636363636363,0.6590909090909091,0.25,0.4090909090909091,0.6607999999999999,0.1859999999999999,0.0295386363636363,0.0446613636363636,0.0790022727272727,0.1251136363636363,0.7438772727272728,0.131025,0.0059113636363636,44.0,0.0,0.04,0.08,0.0,0.04,0.04,0.0,0.12,0.48,0.08,0.4,0.613416,0.211284,0.037944,0.028896,0.108456,0.0851279999999999,0.84746,0.067416,-0.017712,25.0,0.0121904278157627,0.0063076560233277,-0.0356037179125869
2024-07-15,130.55999755859375,131.38999938964844,127.18000030517578,128.44000244140625,128.3780975341797,208326200.0,,,NVDA,-0.0061903238125476,0.1258741258741259,0.2727272727272727,0.0419580419580419,0.1468531468531468,0.1748251748251748,0.1538461538461538,0.1538461538461538,0.3286713286713286,0.6083916083916084,0.3426573426573426,0.2657342657342657,0.6078419580419581,0.2325076923076923,0.0442860139860139,0.0309573426573426,0.0844076923076923,0.1442328671328671,0.7621153846153846,0.0936580419580419,-0.0505748251748251,143.0,0.1363636363636363,0.2727272727272727,0.0681818181818181,0.2045454545454545,0.1590909090909091,0.2272727272727272,0.0909090909090909,0.3863636363636363,0.6590909090909091,0.25,0.4090909090909091,0.6607999999999999,0.1859999999999999,0.0295386363636363,0.0446613636363636,0.0790022727272727,0.1251136363636363,0.7438772727272728,0.131025,0.0059113636363636,44.0,0.0011156639768841,0.0027500086247285,0.0529694899993165
2024-07-16,128.44000244140625,129.0399932861328,124.58000183105467,126.36000061035156,126.2990951538086,214769500.0,,,NVDA,-0.0161943697585764,0.0510204081632653,0.3775510204081632,0.1122448979591836,0.173469387755102,0.1428571428571428,0.1428571428571428,0.0918367346938775,0.3673469387755102,0.673469387755102,0.2755102040816326,0.3979591836734694,0.6305897959183674,0.1989295918367347,0.0425418367346938,0.0406102040816326,0.087334693877551,0.1322714285714285,0.7630938775510203,0.1046316326530612,-0.0276397959183673,98.0,0.1258741258741259,0.2727272727272727,0.0419580419580419,0.1468531468531468,0.1748251748251748,0.1538461538461538,0.1538461538461538,0.3286713286713286,0.6083916083916084,0.3426573426573426,0.2657342657342657,0.6078419580419581,0.2325076923076923,0.0442860139860139,0.0309573426573426,0.0844076923076923,0.1442328671328671,0.7621153846153846,0.0936580419580419,-0.0505748251748251,143.0,0.0061882327811269,0.0059300809133697,0.0053353426398474
2024-07-17,121.3499984741211,121.8499984741211,116.72000122070312,117.98999786376952,117.9331283569336,390086200.0,,,NVDA,-0.066239324887378,0.1076923076923077,0.1692307692307692,0.0615384615384615,0.1538461538461538,0.1076923076923077,0.1538461538461538,0.0461538461538461,0.2615384615384615,0.3846153846153846,0.2615384615384615,0.123076923076923,0.6011169230769231,0.2230276923076923,0.0395953846153846,0.032296923076923,0.103976923076923,0.1691030769230769,0.7441969230769231,0.0867030769230769,-0.0824,65.0,0.0510204081632653,0.3775510204081632,0.1122448979591836,0.173469387755102,0.1428571428571428,0.1428571428571428,0.0918367346938775,0.3673469387755102,0.673469387755102,0.2755102040816326,0.3979591836734694,0.6305897959183674,0.1989295918367347,0.0425418367346938,0.0406102040816326,0.087334693877551,0.1322714285714285,0.7630938775510203,0.1046316326530612,-0.0276397959183673,98.0,-0.0711259310855463,-0.0140211744701582,0.0978013648894702
2024-07-18,121.8499984741211,122.4000015258789,116.55999755859376,121.08999633789062,121.03163146972656,320979500.0,,,NVDA,0.0262733903184109,0.0493827160493827,0.2222222222222222,0.0493827160493827,0.1358024691358024,0.0987654320987654,0.1481481481481481,0.037037037037037,0.2345679012345679,0.4691358024691358,0.2469135802469135,0.2222222222222222,0.5389148148148147,0.2284839506172839,0.0410469135802469,0.0429296296296296,0.1486222222222222,0.1350679012345679,0.7471555555555556,0.1177851851851851,-0.0172827160493827,81.0,0.1076923076923077,0.1692307692307692,0.0615384615384615,0.1538461538461538,0.1076923076923077,0.1538461538461538,0.0461538461538461,0.2615384615384615,0.3846153846153846,0.2615384615384615,0.123076923076923,0.6011169230769231,0.2230276923076923,0.0395953846153846,0.032296923076923,0.103976923076923,0.1691030769230769,0.7441969230769231,0.0867030769230769,-0.0824,65.0,0.0030019525452031,-0.0076847013269892,0.1001381774018697
2024-07-19,120.3499984741211,121.5999984741211,117.37000274658205,117.93000030517578,117.87317657470705,217223800.0,,,NVDA,-0.0260961110468839,0.078125,0.078125,0.046875,0.140625,0.046875,0.125,0.046875,0.203125,0.328125,0.25,0.078125,0.5722546875,0.268296875,0.049103125,0.0306109375,0.0797359375,0.13048125,0.7767078125,0.092815625,-0.037665625,64.0,0.0493827160493827,0.2222222222222222,0.0493827160493827,0.1358024691358024,0.0987654320987654,0.1481481481481481,0.037037037037037,0.2345679012345679,0.4691358024691358,0.2469135802469135,0.2222222222222222,0.5389148148148147,0.2284839506172839,0.0410469135802469,0.0429296296296296,0.1486222222222222,0.1350679012345679,0.7471555555555556,0.1177851851851851,-0.0172827160493827,81.0,-0.0305862371079143,-0.0066408289421605,0.037037045906157
2024-07-22,120.3499984741211,124.06999969482422,119.86000061035156,123.54000091552734,123.48046875,258068900.0,,,NVDA,0.0475705528453209,0.0595238095238095,0.2619047619047619,0.0317460317460317,0.1706349206349206,0.1309523809523809,0.1547619047619047,0.1349206349206349,0.3055555555555556,0.5317460317460317,0.3134920634920635,0.2182539682539682,0.5321396825396826,0.279606746031746,0.0474119047619047,0.0309218253968253,0.1099186507936507,0.1326801587301587,0.7662702380952381,0.1010547619047619,-0.0316253968253968,252.0,0.078125,0.078125,0.046875,0.140625,0.046875,0.125,0.046875,0.203125,0.328125,0.25,0.078125,0.5722546875,0.268296875,0.049103125,0.0306109375,0.0797359375,0.13048125,0.7767078125,0.092815625,-0.037665625,64.0,0.0414481749926105,0.0103099255126242,-0.0974576613643454
2024-07-23,122.77999877929688,124.69000244140624,122.0999984741211,122.58999633789062,122.53092193603516,173911000.0,,,NVDA,-0.0076898543030906,0.1382978723404255,0.3404255319148936,0.0851063829787234,0.2340425531914893,0.1489361702127659,0.1702127659574468,0.1063829787234042,0.3085106382978723,0.5425531914893617,0.3191489361702128,0.2234042553191489,0.5737202127659574,0.2372872340425532,0.0402851063829787,0.0358478723404255,0.112863829787234,0.182027659574468,0.6994595744680852,0.118513829787234,-0.063513829787234,94.0,0.0595238095238095,0.2619047619047619,0.0317460317460317,0.1706349206349206,0.1309523809523809,0.1547619047619047,0.1349206349206349,0.3055555555555556,0.5317460317460317,0.3134920634920635,0.2182539682539682,0.5321396825396826,0.279606746031746,0.0474119047619047,0.0309218253968253,0.1099186507936507,0.1326801587301587,0.7662702380952381,0.1010547619047619,-0.0316253968253968,252.0,-0.0149041920834014,-0.0015684091674914,-0.0127430974062873
2024-07-24,119.16999816894533,119.9499969482422,113.44000244140624,114.25,114.19493865966795,327776900.0,,,NVDA,-0.0680316702482565,0.1290322580645161,0.3709677419354839,0.0806451612903225,0.1774193548387097,0.1774193548387097,0.1290322580645161,0.1290322580645161,0.2419354838709677,0.5483870967741935,0.2419354838709677,0.3064516129032258,0.5508983870967742,0.2491725806451613,0.04515,0.0450887096774193,0.1096741935483871,0.1561532258064516,0.7360451612903226,0.1078,-0.0483532258064516,62.0,0.1382978723404255,0.3404255319148936,0.0851063829787234,0.2340425531914893,0.1489361702127659,0.1702127659574468,0.1063829787234042,0.3085106382978723,0.5425531914893617,0.3191489361702128,0.2234042553191489,0.5737202127659574,0.2372872340425532,0.0402851063829787,0.0358478723404255,0.112863829787234,0.182027659574468,0.6994595744680852,0.118513829787234,-0.063513829787234,94.0,-0.0531805050149297,-0.0226625908071241,0.2255435182249945
2024-07-25,113.04000091552734,116.62999725341795,106.3000030517578,112.27999877929688,112.22588348388672,460067000.0,,,NVDA,-0.0172429286174368,0.1857142857142857,0.3571428571428571,0.1,0.2285714285714285,0.1428571428571428,0.2857142857142857,0.1571428571428571,0.3571428571428571,0.5285714285714286,0.4714285714285714,0.0571428571428571,0.54164,0.2780614285714285,0.0504571428571428,0.0387099999999999,0.0911342857142857,0.17389,0.7182385714285714,0.1078685714285714,-0.0660214285714285,70.0,0.1290322580645161,0.3709677419354839,0.0806451612903225,0.1774193548387097,0.1774193548387097,0.1290322580645161,0.1290322580645161,0.2419354838709677,0.5483870967741935,0.2419354838709677,0.3064516129032258,0.5508983870967742,0.2491725806451613,0.04515,0.0450887096774193,0.1096741935483871,0.1561532258064516,0.7360451612903226,0.1078,-0.0483532258064516,62.0,-0.0222928773928376,-0.005210392136385,0.0232814937710903
2024-07-26,116.19000244140624,116.1999969482422,111.58000183105467,113.05999755859376,113.00550842285156,293399100.0,,,NVDA,0.0069469262772769,0.1842105263157894,0.2368421052631578,0.0394736842105263,0.1447368421052631,0.0394736842105263,0.1447368421052631,0.0657894736842105,0.3026315789473684,0.3947368421052631,0.3815789473684211,0.0131578947368421,0.6316355263157895,0.2364710526315789,0.0409236842105263,0.0259013157894736,0.0650710526315789,0.1617947368421052,0.7635960526315789,0.0746157894736842,-0.087178947368421,76.0,0.1857142857142857,0.3571428571428571,0.1,0.2285714285714285,0.1428571428571428,0.2857142857142857,0.1571428571428571,0.3571428571428571,0.5285714285714286,0.4714285714285714,0.0571428571428571,0.54164,0.2780614285714285,0.0504571428571428,0.0387099999999999,0.0911342857142857,0.17389,0.7182385714285714,0.1078685714285714,-0.0660214285714285,70.0,0.0214651077445655,0.0111997118354425,-0.1121343335583027
2024-07-29,113.69000244140624,116.27999877929688,111.3000030517578,111.58999633789062,111.53622436523438,248152100.0,,,NVDA,-0.0130018799802158,0.1777777777777777,0.3644444444444444,0.0888888888888888,0.2,0.1644444444444444,0.1955555555555555,0.1244444444444444,0.28,0.5288888888888889,0.4311111111111111,0.0977777777777777,0.5618528888888888,0.2601631111111111,0.0494351111111111,0.0303417777777777,0.098212,0.1724404444444444,0.7125382222222222,0.1150226666666666,-0.0574177777777777,225.0,0.1842105263157894,0.2368421052631578,0.0394736842105263,0.1447368421052631,0.0394736842105263,0.1447368421052631,0.0657894736842105,0.3026315789473684,0.3947368421052631,0.3815789473684211,0.0131578947368421,0.6316355263157895,0.2364710526315789,0.0409236842105263,0.0259013157894736,0.0650710526315789,0.1617947368421052,0.7635960526315789,0.0746157894736842,-0.087178947368421,76.0,-0.0020926341257527,0.0005877795873479,0.0128127516559837
2024-07-30,111.5199966430664,111.98999786376952,102.54000091552734,103.7300033569336,103.68001556396484,486833300.0,,,NVDA,-0.0704363882315376,0.1538461538461538,0.3269230769230769,0.0576923076923076,0.2307692307692307,0.2307692307692307,0.2307692307692307,0.173076923076923,0.4038461538461538,0.5384615384615384,0.3846153846153846,0.1538461538461538,0.6762076923076923,0.1857730769230769,0.0331038461538461,0.0275346153846153,0.0773711538461538,0.165201923076923,0.7199403846153847,0.1148596153846153,-0.0503423076923076,52.0,0.1777777777777777,0.3644444444444444,0.0888888888888888,0.2,0.1644444444444444,0.1955555555555555,0.1244444444444444,0.28,0.5288888888888889,0.4311111111111111,0.0977777777777777,0.5618528888888888,0.2601631111111111,0.0494351111111111,0.0303417777777777,0.098212,0.1724404444444444,0.7125382222222222,0.1150226666666666,-0.0574177777777777,225.0,-0.0363055606907979,-0.0050664635871381,0.0656626582855164
2024-07-31,112.9000015258789,118.33999633789062,110.87999725341795,117.0199966430664,116.9636001586914,473174200.0,,,NVDA,0.1281209741575639,0.1,0.23,0.03,0.17,0.06,0.15,0.09,0.27,0.45,0.3,0.15,0.672865,0.1924759999999999,0.0464529999999999,0.024698,0.063514,0.179675,0.709627,0.110702,-0.0689729999999999,100.0,0.1538461538461538,0.3269230769230769,0.0576923076923076,0.2307692307692307,0.2307692307692307,0.2307692307692307,0.173076923076923,0.4038461538461538,0.5384615384615384,0.3846153846153846,0.1538461538461538,0.6762076923076923,0.1857730769230769,0.0331038461538461,0.0275346153846153,0.0773711538461538,0.165201923076923,0.7199403846153847,0.1148596153846153,-0.0503423076923076,52.0,0.0670958293289318,0.0162545855723421,-0.0751837130329915
2024-08-01,117.52999877929688,120.16000366210938,106.80999755859376,109.20999908447266,109.15736389160156,523462300.0,,,NVDA,-0.0667407317874848,0.3103448275862069,0.4827586206896552,0.0689655172413793,0.1379310344827586,0.2758620689655172,0.1724137931034483,0.1379310344827586,0.7586206896551724,1.4827586206896552,0.5517241379310345,0.9310344827586208,0.7388,0.1694862068965517,0.0300827586206896,0.023551724137931,0.0380862068965517,0.1210965517241379,0.817406896551724,0.0615,-0.0595965517241379,29.0,0.1,0.23,0.03,0.17,0.06,0.15,0.09,0.27,0.45,0.3,0.15,0.672865,0.1924759999999999,0.0464529999999999,0.024698,0.063514,0.179675,0.709627,0.110702,-0.0689729999999999,100.0,-0.0720537800567043,-0.014160914265491,0.1363080353936738
2024-08-02,103.76000213623048,108.72000122070312,101.37000274658205,107.2699966430664,107.21829223632812,482027500.0,,,NVDA,-0.0177640022270877,0.0,0.4166666666666667,0.0,0.0,0.1666666666666666,0.0,0.3333333333333333,0.25,0.4166666666666667,0.0,0.4166666666666667,0.4796916666666666,0.2812416666666666,0.04515,0.0326666666666666,0.1612916666666666,0.173375,0.6748333333333334,0.1517833333333333,-0.0215916666666666,12.0,0.3103448275862069,0.4827586206896552,0.0689655172413793,0.1379310344827586,0.2758620689655172,0.1724137931034483,0.1379310344827586,0.7586206896551724,1.4827586206896552,0.5517241379310345,0.9310344827586208,0.7388,0.1694862068965517,0.0300827586206896,0.023551724137931,0.0380862068965517,0.1210965517241379,0.817406896551724,0.0615,-0.0595965517241379,29.0,-0.053154445428057,-0.0186185016461001,0.2582032919667483
2024-08-05,92.05999755859376,103.41000366210938,90.69000244140624,100.4499969482422,100.4015884399414,552842400.0,,,NVDA,-0.0635778061206336,0.0975609756097561,0.3902439024390244,0.048780487804878,0.2439024390243902,0.073170731707317,0.2439024390243902,0.048780487804878,0.2195121951219512,0.5609756097560976,0.3902439024390244,0.1707317073170731,0.651490243902439,0.2298951219512195,0.0420195121951219,0.0277365853658536,0.0488658536585365,0.2169268292682926,0.6857243902439024,0.0973414634146341,-0.1195853658536585,41.0,0.0,0.4166666666666667,0.0,0.0,0.1666666666666666,0.0,0.3333333333333333,0.25,0.4166666666666667,0.0,0.4166666666666667,0.4796916666666666,0.2812416666666666,0.04515,0.0326666666666666,0.1612916666666666,0.173375,0.6748333333333334,0.1517833333333333,-0.0215916666666666,12.0,-0.0176489803133184,-0.0291235868911728,0.648995327118046
2024-08-06,103.83999633789062,107.70999908447266,100.5500030517578,104.25,104.19976043701172,409012100.0,,,NVDA,0.0378297998675818,0.0909090909090909,0.7272727272727273,0.0909090909090909,0.2272727272727272,0.0909090909090909,0.0909090909090909,0.1363636363636363,0.7272727272727273,1.4090909090909092,0.3181818181818182,1.0909090909090908,0.6923045454545455,0.1251090909090909,0.0335227272727272,0.0669772727272727,0.0820863636363636,0.1897954545454545,0.6216409090909091,0.1885727272727272,-0.0012227272727272,22.0,0.0975609756097561,0.3902439024390244,0.048780487804878,0.2439024390243902,0.073170731707317,0.2439024390243902,0.048780487804878,0.2195121951219512,0.5609756097560976,0.3902439024390244,0.1707317073170731,0.651490243902439,0.2298951219512195,0.0420195121951219,0.0277365853658536,0.0488658536585365,0.2169268292682926,0.6857243902439024,0.0973414634146341,-0.1195853658536585,41.0,0.0090568155067076,0.0092193444405839,-0.2815660019776688
2024-08-07,107.80999755859376,108.8000030517578,98.69000244140624,98.91000366210938,98.86233520507812,411440400.0,,,NVDA,-0.0512230086667045,0.3333333333333333,0.1666666666666666,0.0,0.1666666666666666,0.0,0.0,0.0,0.0833333333333333,0.4166666666666667,0.3333333333333333,0.0833333333333333,0.5576416666666667,0.302625,0.0315416666666666,0.0231,0.0850916666666666,0.1196416666666666,0.735325,0.1450583333333333,0.0254166666666666,12.0,0.0909090909090909,0.7272727272727273,0.0909090909090909,0.2272727272727272,0.0909090909090909,0.0909090909090909,0.1363636363636363,0.7272727272727273,1.4090909090909092,0.3181818181818182,1.0909090909090908,0.6923045454545455,0.1251090909090909,0.0335227272727272,0.0669772727272727,0.0820863636363636,0.1897954545454545,0.6216409090909091,0.1885727272727272,-0.0012227272727272,22.0,-0.0278537402266487,-0.0066836989595151,0.0050523746525679
2024-08-08,102.0,105.5,97.5199966430664,104.97000122070312,104.9194107055664,391910000.0,,,NVDA,0.0612677769336886,0.0,0.0,0.0,0.1666666666666666,0.0,0.1666666666666666,0.0,0.0555555555555555,0.1111111111111111,0.2777777777777778,-0.1666666666666666,0.5343111111111111,0.3076444444444444,0.0295222222222222,0.0231888888888888,0.10535,0.2910555555555555,0.5485388888888889,0.1603888888888889,-0.1306666666666666,18.0,0.3333333333333333,0.1666666666666666,0.0,0.1666666666666666,0.0,0.0,0.0,0.0833333333333333,0.4166666666666667,0.3333333333333333,0.0833333333333333,0.5576416666666667,0.302625,0.0315416666666666,0.0231,0.0850916666666666,0.1196416666666666,0.735325,0.1450583333333333,0.0254166666666666,12.0,0.0689949746485996,0.023117311741988,-0.1457809483063327
2024-08-09,105.63999938964844,106.5999984741211,103.43000030517578,104.75,104.69952392578124,290844200.0,,,NVDA,-0.0020957683454992,0.2142857142857142,0.3,0.0857142857142857,0.3,0.1857142857142857,0.2857142857142857,0.1714285714285714,0.4857142857142857,0.8571428571428571,0.4142857142857143,0.4428571428571428,0.6114985714285713,0.1433828571428571,0.0360228571428571,0.0417871428571428,0.1673057142857142,0.1127128571428571,0.7631442857142857,0.1241542857142857,0.0114414285714285,70.0,0.0,0.0,0.0,0.1666666666666666,0.0,0.1666666666666666,0.0,0.0555555555555555,0.1111111111111111,0.2777777777777778,-0.1666666666666666,0.5343111111111111,0.3076444444444444,0.0295222222222222,0.0231888888888888,0.10535,0.2910555555555555,0.5485388888888889,0.1603888888888889,-0.1306666666666666,18.0,-0.0059142642195021,0.0044096352432592,-0.1437578791374391
2024-08-12,106.31999969482422,111.06999969482422,106.26000213623048,109.0199966430664,108.96746063232422,325559900.0,,,NVDA,0.0407636687017642,0.2016129032258064,0.2661290322580645,0.0806451612903225,0.2338709677419354,0.1774193548387097,0.2096774193548387,0.1532258064516129,0.3951612903225806,0.5806451612903226,0.3548387096774194,0.2258064516129032,0.5880475806451613,0.2291346774193548,0.0499620967741935,0.0330233870967741,0.0998403225806451,0.1826870967741935,0.7363370967741936,0.0809766129032258,-0.1017104838709677,124.0,0.2142857142857142,0.3,0.0857142857142857,0.3,0.1857142857142857,0.2857142857142857,0.1714285714285714,0.4857142857142857,0.8571428571428571,0.4142857142857143,0.4428571428571428,0.6114985714285713,0.1433828571428571,0.0360228571428571,0.0417871428571428,0.1673057142857142,0.1127128571428571,0.7631442857142857,0.1241542857142857,0.0114414285714285,70.0,0.0057606534402057,0.0005253411326555,0.0166911257354691
2024-08-13,112.44000244140624,116.2300033569336,111.58000183105467,116.13999938964844,116.0840301513672,312646700.0,,,NVDA,0.0653091251071322,0.0277777777777777,0.3055555555555556,0.0833333333333333,0.1388888888888889,0.1944444444444444,0.1388888888888889,0.1666666666666666,0.3055555555555556,0.3333333333333333,0.1944444444444444,0.1388888888888889,0.6552222222222223,0.2396944444444444,0.0327277777777777,0.0286361111111111,0.0437166666666666,0.136925,0.7217388888888889,0.1413388888888888,0.0044138888888888,36.0,0.2016129032258064,0.2661290322580645,0.0806451612903225,0.2338709677419354,0.1774193548387097,0.2096774193548387,0.1532258064516129,0.3951612903225806,0.5806451612903226,0.3548387096774194,0.2258064516129032,0.5880475806451613,0.2291346774193548,0.0499620967741935,0.0330233870967741,0.0998403225806451,0.1826870967741935,0.7363370967741936,0.0809766129032258,-0.1017104838709677,124.0,0.0406103713762469,0.0164456573781257,-0.1250602781137306
2024-08-14,118.52999877929688,118.5999984741211,114.06999969482422,118.08000183105467,118.02308654785156,339246400.0,,,NVDA,0.0167039031463323,0.1111111111111111,0.2777777777777778,0.0416666666666666,0.1527777777777778,0.125,0.1527777777777778,0.0555555555555555,0.4305555555555556,0.6388888888888888,0.3194444444444444,0.3194444444444444,0.6454666666666666,0.2172902777777777,0.0400013888888888,0.0279083333333333,0.0693138888888888,0.1078597222222222,0.757126388888889,0.1350138888888888,0.0271541666666666,72.0,0.0277777777777777,0.3055555555555556,0.0833333333333333,0.1388888888888889,0.1944444444444444,0.1388888888888889,0.1666666666666666,0.3055555555555556,0.3333333333333333,0.1944444444444444,0.1388888888888889,0.6552222222222223,0.2396944444444444,0.0327277777777777,0.0286361111111111,0.0437166666666666,0.136925,0.7217388888888889,0.1413388888888888,0.0044138888888888,36.0,-0.0025266484906588,0.0031546064117449,-0.1065121531891404
2024-08-15,118.76000213623048,123.23999786376952,117.47000122070312,122.86000061035156,122.80079650878906,318086700.0,,,NVDA,0.0404811473812829,0.1538461538461538,0.3384615384615385,0.0461538461538461,0.1692307692307692,0.1538461538461538,0.1692307692307692,0.1846153846153846,0.2153846153846154,0.5076923076923077,0.2769230769230769,0.2307692307692307,0.6556169230769231,0.2030507692307692,0.0416953846153846,0.0383123076923076,0.0613230769230769,0.1871292307692307,0.7218507692307692,0.0910246153846153,-0.0961046153846153,65.0,0.1111111111111111,0.2777777777777778,0.0416666666666666,0.1527777777777778,0.125,0.1527777777777778,0.0555555555555555,0.4305555555555556,0.6388888888888888,0.3194444444444444,0.3194444444444444,0.6454666666666666,0.2172902777777777,0.0400013888888888,0.0279083333333333,0.0693138888888888,0.1078597222222222,0.757126388888889,0.1350138888888888,0.0271541666666666,72.0,0.048080023584158,0.0171402472953325,-0.059295920948354
2024-08-16,121.94000244140624,125.0,121.18000030517578,124.58000183105467,124.51995086669922,302589900.0,,,NVDA,0.0139995375175527,0.1129032258064516,0.1935483870967742,0.0483870967741935,0.1774193548387097,0.064516129032258,0.1290322580645161,0.0483870967741935,0.2096774193548387,0.9032258064516128,0.3064516129032258,0.5967741935483871,0.4801096774193548,0.3784096774193549,0.0498854838709677,0.033766129032258,0.0578225806451612,0.2277983870967742,0.6955612903225806,0.0766419354838709,-0.1511564516129032,62.0,0.1538461538461538,0.3384615384615385,0.0461538461538461,0.1692307692307692,0.1538461538461538,0.1692307692307692,0.1846153846153846,0.2153846153846154,0.5076923076923077,0.2769230769230769,0.2307692307692307,0.6556169230769231,0.2030507692307692,0.0416953846153846,0.0383123076923076,0.0613230769230769,0.1871292307692307,0.7218507692307692,0.0910246153846153,-0.0961046153846153,65.0,-0.0021146491468552,0.0022420920844279,-0.0282337074475266
2024-08-19,124.27999877929688,130.0,123.41999816894533,130.0,129.93734741210938,318333600.0,,,NVDA,0.0435062534774814,0.1309904153354632,0.3226837060702875,0.0958466453674121,0.1757188498402556,0.1725239616613418,0.1405750798722044,0.0990415335463258,0.402555910543131,0.9488817891373802,0.3482428115015974,0.6006389776357828,0.6574437699680511,0.1989182108626198,0.0372795527156549,0.0340932907348242,0.0722610223642172,0.1302108626198083,0.6674929712460064,0.2022916932907348,0.0720808306709265,313.0,0.1129032258064516,0.1935483870967742,0.0483870967741935,0.1774193548387097,0.064516129032258,0.1290322580645161,0.0483870967741935,0.2096774193548387,0.9032258064516128,0.3064516129032258,0.5967741935483871,0.4801096774193548,0.3784096774193549,0.0498854838709677,0.033766129032258,0.0578225806451612,0.2277983870967742,0.6955612903225806,0.0766419354838709,-0.1511564516129032,62.0,0.0169961719323015,0.009561370914747,-0.0101351736669904
2024-08-20,128.39999389648438,129.8800048828125,125.88999938964844,127.25,127.18868255615234,300087400.0,,,NVDA,-0.021153770726436,0.074074074074074,0.4907407407407407,0.0555555555555555,0.1203703703703703,0.1759259259259259,0.1296296296296296,0.2129629629629629,0.4444444444444444,0.8796296296296297,0.2222222222222222,0.6574074074074074,0.6022574074074074,0.2110092592592592,0.0312185185185185,0.0684398148148148,0.0870833333333333,0.1208074074074074,0.7265712962962964,0.1526268518518518,0.0318194444444444,108.0,0.1309904153354632,0.3226837060702875,0.0958466453674121,0.1757188498402556,0.1725239616613418,0.1405750798722044,0.0990415335463258,0.402555910543131,0.9488817891373802,0.3482428115015974,0.6006389776357828,0.6574437699680511,0.1989182108626198,0.0372795527156549,0.0340932907348242,0.0722610223642172,0.1302108626198083,0.6674929712460064,0.2022916932907348,0.0720808306709265,313.0,-0.0132251349842524,-0.0016261140417987,0.0839590804053578
2024-08-21,127.31999969482422,129.35000610351562,126.66000366210938,128.5,128.4380645751953,257883600.0,,,NVDA,0.0098230596774313,0.0958904109589041,0.3287671232876712,0.0547945205479452,0.1506849315068493,0.1232876712328767,0.1232876712328767,0.136986301369863,0.3561643835616438,0.5616438356164384,0.2328767123287671,0.3287671232876712,0.6035246575342466,0.2447698630136986,0.0436205479452054,0.0257246575342465,0.0823561643835616,0.1667369863013698,0.7548958904109588,0.0783712328767123,-0.0883657534246575,73.0,0.074074074074074,0.4907407407407407,0.0555555555555555,0.1203703703703703,0.1759259259259259,0.1296296296296296,0.2129629629629629,0.4444444444444444,0.8796296296296297,0.2222222222222222,0.6574074074074074,0.6022574074074074,0.2110092592592592,0.0312185185185185,0.0684398148148148,0.0870833333333333,0.1208074074074074,0.7265712962962964,0.1526268518518518,0.0318194444444444,108.0,0.0141780247003762,0.0034365529931217,0.024559215397492
2024-08-22,130.02000427246094,130.75,123.0999984741211,123.73999786376952,123.68036651611328,376189100.0,,,NVDA,-0.0370427417667649,0.1486486486486486,0.2702702702702703,0.081081081081081,0.2297297297297297,0.2567567567567567,0.2432432432432432,0.1891891891891892,0.3648648648648648,0.7027027027027027,0.3513513513513513,0.3513513513513513,0.5876121621621622,0.2580608108108108,0.045954054054054,0.025877027027027,0.0824918918918918,0.1746797297297297,0.7518797297297297,0.0734445945945946,-0.1012351351351351,74.0,0.0958904109589041,0.3287671232876712,0.0547945205479452,0.1506849315068493,0.1232876712328767,0.1232876712328767,0.136986301369863,0.3561643835616438,0.5616438356164384,0.2328767123287671,0.3287671232876712,0.6035246575342466,0.2447698630136986,0.0436205479452054,0.0257246575342465,0.0823561643835616,0.1667369863013698,0.7548958904109588,0.0783712328767123,-0.0883657534246575,73.0,-0.0341633634636699,-0.0078484669177515,0.0786723259547352
2024-08-23,125.86000061035156,129.60000610351562,125.22000122070312,129.3699951171875,129.30763244628906,323230300.0,,,NVDA,0.0454984577478807,0.1081081081081081,0.2162162162162162,0.1081081081081081,0.1756756756756756,0.081081081081081,0.1756756756756756,0.0675675675675675,0.2297297297297297,0.4459459459459459,0.3513513513513513,0.0945945945945946,0.5734067567567568,0.2750148648648648,0.048604054054054,0.0291405405405405,0.0738229729729729,0.1741621621621621,0.7720337837837837,0.0538054054054054,-0.1203567567567567,74.0,0.1486486486486486,0.2702702702702703,0.081081081081081,0.2297297297297297,0.2567567567567567,0.2432432432432432,0.1891891891891892,0.3648648648648648,0.7027027027027027,0.3513513513513513,0.3513513513513513,0.5876121621621622,0.2580608108108108,0.045954054054054,0.025877027027027,0.0824918918918918,0.1746797297297297,0.7518797297297297,0.0734445945945946,-0.1012351351351351,74.0,0.0267928492634548,0.0106253094436228,-0.0962962765727367
2024-08-26,129.57000732421875,131.25999450683594,124.37000274658205,126.45999908447266,126.3990478515625,331964700.0,,,NVDA,-0.0224935260177678,0.1269230769230769,0.2192307692307692,0.0846153846153846,0.1692307692307692,0.1384615384615384,0.1653846153846153,0.1076923076923077,0.3846153846153846,0.6,0.35,0.25,0.6146273076923077,0.2324026923076923,0.0406665384615384,0.0309288461538461,0.0813823076923077,0.1551157692307692,0.7543,0.0905896153846153,-0.0645261538461538,260.0,0.1081081081081081,0.2162162162162162,0.1081081081081081,0.1756756756756756,0.081081081081081,0.1756756756756756,0.0675675675675675,0.2297297297297297,0.4459459459459459,0.3513513513513513,0.0945945945945946,0.5734067567567568,0.2750148648648648,0.048604054054054,0.0291405405405405,0.0738229729729729,0.1741621621621621,0.7720337837837837,0.0538054054054054,-0.1203567567567567,74.0,-0.0251080929894386,-0.0023837801840261,0.0182849916854148
2024-08-27,125.0500030517578,129.1999969482422,123.87999725341795,128.3000030517578,128.23817443847656,303134600.0,,,NVDA,0.0145501617154097,0.1052631578947368,0.1929824561403508,0.0526315789473684,0.1929824561403508,0.1578947368421052,0.1929824561403508,0.1578947368421052,0.4210526315789473,0.6140350877192983,0.3157894736842105,0.2982456140350877,0.6209333333333333,0.1997298245614035,0.0548052631578947,0.0300473684210526,0.0944701754385965,0.1677350877192982,0.7374350877192982,0.0948280701754386,-0.0729070175438596,57.0,0.1269230769230769,0.2192307692307692,0.0846153846153846,0.1692307692307692,0.1384615384615384,0.1653846153846153,0.1076923076923077,0.3846153846153846,0.6,0.35,0.25,0.6146273076923077,0.2324026923076923,0.0406665384615384,0.0309288461538461,0.0813823076923077,0.1551157692307692,0.7543,0.0905896153846153,-0.0645261538461538,260.0,0.0110753751210339,0.0013732097959411,-0.0445820018799489
2024-08-28,128.1199951171875,128.3300018310547,122.63999938964844,125.61000061035156,125.54946899414062,448101100.0,,,NVDA,-0.0209664981282611,0.1417910447761194,0.3358208955223881,0.044776119402985,0.1343283582089552,0.1791044776119403,0.1417910447761194,0.0671641791044776,0.4925373134328358,0.8656716417910447,0.2537313432835821,0.6119402985074627,0.692044776119403,0.1421611940298507,0.045920895522388,0.0441365671641791,0.0757298507462686,0.1074820895522388,0.6080850746268657,0.2844305970149254,0.1769485074626866,134.0,0.1052631578947368,0.1929824561403508,0.0526315789473684,0.1929824561403508,0.1578947368421052,0.1929824561403508,0.1578947368421052,0.4210526315789473,0.6140350877192983,0.3157894736842105,0.2982456140350877,0.6209333333333333,0.1997298245614035,0.0548052631578947,0.0300473684210526,0.0944701754385965,0.1677350877192982,0.7374350877192982,0.0948280701754386,-0.0729070175438596,57.0,-0.0180396042673545,-0.0058052496387186,0.1088788251424888
2024-08-29,121.36000061035156,124.43000030517578,116.70999908447266,117.58999633789062,117.5333251953125,453023300.0,,,NVDA,-0.0638484882735922,0.144927536231884,0.2028985507246377,0.072463768115942,0.1304347826086956,0.144927536231884,0.1014492753623188,0.1014492753623188,0.3188405797101449,0.6521739130434783,0.2898550724637681,0.3623188405797101,0.6627565217391304,0.2074260869565217,0.040295652173913,0.0244231884057971,0.0650927536231884,0.159431884057971,0.7507057971014492,0.0898608695652174,-0.0695710144927536,69.0,0.1417910447761194,0.3358208955223881,0.044776119402985,0.1343283582089552,0.1791044776119403,0.1417910447761194,0.0671641791044776,0.4925373134328358,0.8656716417910447,0.2537313432835821,0.6119402985074627,0.692044776119403,0.1421611940298507,0.045920895522388,0.0441365671641791,0.0757298507462686,0.1074820895522388,0.6080850746268657,0.2844305970149254,0.1769485074626866,134.0,-0.0028774579197576,8.941058333311602e-05,-0.0853302711712346
2024-08-30,119.52999877929688,121.75,117.22000122070312,119.37000274658205,119.31246948242188,333751600.0,,,NVDA,0.0151373602691224,0.1311475409836065,0.3114754098360656,0.0655737704918032,0.2622950819672131,0.1147540983606557,0.2459016393442623,0.180327868852459,0.3934426229508196,0.5573770491803278,0.3442622950819672,0.2131147540983606,0.6639704918032787,0.1885803278688524,0.0364704918032786,0.0387721311475409,0.0721950819672131,0.1770213114754098,0.7656786885245902,0.0572983606557377,-0.1197229508196721,61.0,0.144927536231884,0.2028985507246377,0.072463768115942,0.1304347826086956,0.144927536231884,0.1014492753623188,0.1014492753623188,0.3188405797101449,0.6521739130434783,0.2898550724637681,0.3623188405797101,0.6627565217391304,0.2074260869565217,0.040295652173913,0.0244231884057971,0.0650927536231884,0.159431884057971,0.7507057971014492,0.0898608695652174,-0.0695710144927536,69.0,0.0261487446772652,0.0095459866384983,-0.0415335229631984
2024-09-03,116.01000213623048,116.20999908447266,107.29000091552734,108.0,107.9479522705078,477155100.0,,,NVDA,-0.0952500376634011,0.1739130434782608,0.4239130434782608,0.0760869565217391,0.1992753623188405,0.1847826086956521,0.1413043478260869,0.1340579710144927,0.4673913043478261,0.8442028985507246,0.4021739130434782,0.4420289855072464,0.6794619565217391,0.1669134057971014,0.0382460144927536,0.0305760869565217,0.0848050724637681,0.1296949275362318,0.7494956521739131,0.1208119565217391,-0.0088829710144927,276.0,0.1311475409836065,0.3114754098360656,0.0655737704918032,0.2622950819672131,0.1147540983606557,0.2459016393442623,0.180327868852459,0.3934426229508196,0.5573770491803278,0.3442622950819672,0.2131147540983606,0.6639704918032787,0.1885803278688524,0.0364704918032786,0.0387721311475409,0.0721950819672131,0.1770213114754098,0.7656786885245902,0.0572983606557377,-0.1197229508196721,61.0,-0.0763172630540129,-0.0205789961944716,0.3813332875569661
2024-09-04,105.41000366210938,113.2699966430664,104.12000274658205,106.20999908447266,106.15880584716795,372470300.0,,,NVDA,-0.0165741580614369,0.0434782608695652,0.3478260869565217,0.072463768115942,0.0869565217391304,0.1594202898550724,0.1304347826086956,0.0579710144927536,0.3043478260869565,0.4782608695652174,0.217391304347826,0.2608695652173913,0.6100202898550725,0.2201057971014492,0.0407246376811594,0.0390159420289855,0.0901405797101449,0.1961463768115942,0.7280376811594202,0.0758115942028985,-0.1203347826086956,69.0,0.1739130434782608,0.4239130434782608,0.0760869565217391,0.1992753623188405,0.1847826086956521,0.1413043478260869,0.1340579710144927,0.4673913043478261,0.8442028985507246,0.4021739130434782,0.4420289855072464,0.6794619565217391,0.1669134057971014,0.0382460144927536,0.0305760869565217,0.0848050724637681,0.1296949275362318,0.7494956521739131,0.1208119565217391,-0.0088829710144927,276.0,0.003278566431607,-0.0020467640200287,0.0289575483278619
2024-09-05,104.98999786376952,109.6500015258789,104.76000213623048,107.20999908447266,107.15833282470705,306850700.0,,,NVDA,0.0094153939427132,0.15,0.45,0.0333333333333333,0.1666666666666666,0.1166666666666666,0.1833333333333333,0.1333333333333333,0.3333333333333333,0.6166666666666667,0.45,0.1666666666666666,0.6122033333333333,0.2312683333333333,0.0437266666666666,0.0333616666666666,0.0794516666666666,0.176365,0.7379549999999999,0.0856866666666666,-0.0906783333333333,60.0,0.0434782608695652,0.3478260869565217,0.072463768115942,0.0869565217391304,0.1594202898550724,0.1304347826086956,0.0579710144927536,0.3043478260869565,0.4782608695652174,0.217391304347826,0.2608695652173913,0.6100202898550725,0.2201057971014492,0.0407246376811594,0.0390159420289855,0.0901405797101449,0.1961463768115942,0.7280376811594202,0.0758115942028985,-0.1203347826086956,69.0,-0.005368728174587,-0.0024322652088685,-0.0666041321116281
2024-09-06,108.04000091552734,108.1500015258789,100.9499969482422,102.83000183105467,102.78044891357422,413638100.0,,,NVDA,-0.0408543488474602,0.2054794520547945,0.5068493150684932,0.1232876712328767,0.1232876712328767,0.2465753424657534,0.1917808219178082,0.1780821917808219,0.4246575342465753,0.7397260273972602,0.4931506849315068,0.2465753424657534,0.5662136986301369,0.2261808219178082,0.0662479452054794,0.0312328767123287,0.1101260273972602,0.231927397260274,0.6972986301369863,0.0707821917808219,-0.161145205479452,73.0,0.15,0.45,0.0333333333333333,0.1666666666666666,0.1166666666666666,0.1833333333333333,0.1333333333333333,0.3333333333333333,0.6166666666666667,0.45,0.1666666666666666,0.6122033333333333,0.2312683333333333,0.0437266666666666,0.0333616666666666,0.0794516666666666,0.176365,0.7379549999999999,0.0856866666666666,-0.0906783333333333,60.0,-0.0428068916918918,-0.0168301598314681,0.1246230949636315
2024-09-09,104.87999725341795,106.5500030517578,103.69000244140624,106.47000122070312,106.41868591308594,273912000.0,,,NVDA,0.0353981427204217,0.1299212598425196,0.2401574803149606,0.0787401574803149,0.2125984251968504,0.1417322834645669,0.2125984251968504,0.1181102362204724,0.3228346456692913,0.5826771653543307,0.3818897637795275,0.2007874015748031,0.5813322834645669,0.2619452755905511,0.0498748031496063,0.0283590551181102,0.0784870078740157,0.1523251968503937,0.7357610236220472,0.1119106299212598,-0.0404145669291338,254.0,0.2054794520547945,0.5068493150684932,0.1232876712328767,0.1232876712328767,0.2465753424657534,0.1917808219178082,0.1780821917808219,0.4246575342465753,0.7397260273972602,0.4931506849315068,0.2465753424657534,0.5662136986301369,0.2261808219178082,0.0662479452054794,0.0312328767123287,0.1101260273972602,0.231927397260274,0.6972986301369863,0.0707821917808219,-0.161145205479452,73.0,0.0197616774253814,0.0111964319777717,-0.1309203980205504
2024-09-10,107.80999755859376,109.4000015258789,104.9499969482422,108.0999984741211,108.04788970947266,268283700.0,,,NVDA,0.0153093771306038,0.1538461538461538,0.25,0.0576923076923076,0.1346153846153846,0.1538461538461538,0.25,0.0769230769230769,0.3269230769230769,0.6153846153846154,0.4230769230769231,0.1923076923076923,0.6875346153846155,0.1984423076923077,0.0376865384615384,0.028476923076923,0.0478615384615384,0.114326923076923,0.7858423076923077,0.0998384615384615,-0.0144884615384615,52.0,0.1299212598425196,0.2401574803149606,0.0787401574803149,0.2125984251968504,0.1417322834645669,0.2125984251968504,0.1181102362204724,0.3228346456692913,0.5826771653543307,0.3818897637795275,0.2007874015748031,0.5813322834645669,0.2619452755905511,0.0498748031496063,0.0283590551181102,0.0784870078740157,0.1523251968503937,0.7357610236220472,0.1119106299212598,-0.0404145669291338,254.0,0.0105308745233543,0.0043556709261531,-0.0190231786488362
2024-09-11,109.38999938964844,117.19000244140624,107.41999816894533,116.91000366210938,116.8536605834961,441422400.0,,,NVDA,0.0814987770487796,0.1203703703703703,0.3703703703703703,0.0925925925925925,0.1666666666666666,0.0925925925925925,0.1574074074074074,0.1574074074074074,0.3703703703703703,0.7037037037037037,0.3148148148148148,0.3888888888888889,0.6294055555555557,0.2305916666666666,0.040387037037037,0.0333851851851851,0.0662324074074074,0.1750731481481481,0.694987037037037,0.1299425925925925,-0.0451305555555555,108.0,0.1538461538461538,0.25,0.0576923076923076,0.1346153846153846,0.1538461538461538,0.25,0.0769230769230769,0.3269230769230769,0.6153846153846154,0.4230769230769231,0.1923076923076923,0.6875346153846155,0.1984423076923077,0.0376865384615384,0.028476923076923,0.0478615384615384,0.114326923076923,0.7858423076923077,0.0998384615384615,-0.0144884615384615,52.0,0.0464430519990637,0.0102587192697765,-0.0728511213420617
2024-09-12,116.83999633789062,120.79000091552734,115.37999725341795,119.13999938964844,119.0927734375,366052700.0,0.01,,NVDA,0.0191616834493941,0.15,0.475,0.0833333333333333,0.2166666666666666,0.25,0.25,0.15,0.5333333333333333,0.95,0.475,0.475,0.6200941666666666,0.1805808333333333,0.0305891666666666,0.0386058333333333,0.1301266666666666,0.2356841666666666,0.6172666666666667,0.1470525,-0.0886316666666666,120.0,0.1203703703703703,0.3703703703703703,0.0925925925925925,0.1666666666666666,0.0925925925925925,0.1574074074074074,0.1574074074074074,0.3703703703703703,0.7037037037037037,0.3148148148148148,0.3888888888888889,0.6294055555555557,0.2305916666666666,0.040387037037037,0.0333851851851851,0.0662324074074074,0.1750731481481481,0.694987037037037,0.1299425925925925,-0.0451305555555555,108.0,-0.0044109378960807,0.0084236235092158,-0.035048096128643
2024-09-13,119.08000183105467,119.95999908447266,117.5999984741211,119.0999984741211,119.05278778076172,238358300.0,,,NVDA,-0.0003357521668538,0.1525423728813559,0.2711864406779661,0.1186440677966101,0.2542372881355932,0.135593220338983,0.1186440677966101,0.1694915254237288,0.3728813559322034,0.559322033898305,0.3220338983050847,0.2372881355932203,0.5863898305084746,0.2590135593220339,0.0394254237288135,0.0277084745762711,0.0874677966101694,0.1802966101694915,0.7437338983050847,0.0759694915254237,-0.1043271186440678,59.0,0.15,0.475,0.0833333333333333,0.2166666666666666,0.25,0.25,0.15,0.5333333333333333,0.95,0.475,0.475,0.6200941666666666,0.1805808333333333,0.0305891666666666,0.0386058333333333,0.1301266666666666,0.2356841666666666,0.6172666666666667,0.1470525,-0.0886316666666666,120.0,0.017858783494165,0.0052225144735758,-0.0298769910954639
2024-09-16,116.79000091552734,118.18000030517578,114.36000061035156,116.77999877929688,116.73371124267578,248772300.0,,,NVDA,-0.0194793971759532,0.1333333333333333,0.282051282051282,0.0717948717948717,0.1538461538461538,0.1589743589743589,0.1487179487179487,0.0717948717948717,0.358974358974359,0.5333333333333333,0.3384615384615385,0.1948717948717948,0.5829851282051283,0.2550958974358974,0.0398866666666666,0.0305723076923076,0.091456923076923,0.1759671794871795,0.7042471794871795,0.1197907692307692,-0.0561764102564102,195.0,0.1525423728813559,0.2711864406779661,0.1186440677966101,0.2542372881355932,0.135593220338983,0.1186440677966101,0.1694915254237288,0.3728813559322034,0.559322033898305,0.3220338983050847,0.2372881355932203,0.5863898305084746,0.2590135593220339,0.0394254237288135,0.0277084745762711,0.0874677966101694,0.1802966101694915,0.7437338983050847,0.0759694915254237,-0.1043271186440678,59.0,-0.013327365632165,0.0014767910499231,0.0350241511117734
2024-09-17,118.16999816894533,118.8000030517578,114.83000183105467,115.58999633789062,115.54417419433594,231925900.0,,,NVDA,-0.0101901758770175,0.1276595744680851,0.425531914893617,0.1276595744680851,0.1489361702127659,0.2553191489361702,0.1489361702127659,0.2553191489361702,0.6170212765957447,0.851063829787234,0.2978723404255319,0.5531914893617021,0.5779851063829787,0.2241595744680851,0.0727106382978723,0.0370085106382978,0.0881404255319149,0.2044489361702127,0.6893319148936171,0.1062148936170212,-0.0982340425531914,47.0,0.1333333333333333,0.282051282051282,0.0717948717948717,0.1538461538461538,0.1589743589743589,0.1487179487179487,0.0717948717948717,0.358974358974359,0.5333333333333333,0.3384615384615385,0.1948717948717948,0.5829851282051283,0.2550958974358974,0.0398866666666666,0.0305723076923076,0.091456923076923,0.1759671794871795,0.7042471794871795,0.1197907692307692,-0.0561764102564102,195.0,0.0012279630998843,0.0004086798235511,0.0274213090688311
2024-09-18,115.88999938964844,117.6999969482422,113.22000122070312,113.37000274658205,113.32505798339844,310318900.0,,,NVDA,-0.0192057819133756,0.0909090909090909,0.25,0.0909090909090909,0.1136363636363636,0.1818181818181818,0.1136363636363636,0.1590909090909091,0.3636363636363636,0.4772727272727273,0.1818181818181818,0.2954545454545454,0.6384613636363636,0.1390431818181818,0.0660363636363636,0.0537545454545454,0.1027159090909091,0.1177295454545454,0.7879181818181817,0.0943636363636363,-0.023365909090909,44.0,0.1276595744680851,0.425531914893617,0.1276595744680851,0.1489361702127659,0.2553191489361702,0.1489361702127659,0.2553191489361702,0.6170212765957447,0.851063829787234,0.2978723404255319,0.5531914893617021,0.5779851063829787,0.2241595744680851,0.0727106382978723,0.0370085106382978,0.0881404255319149,0.2044489361702127,0.6893319148936171,0.1062148936170212,-0.0982340425531914,47.0,-0.0110379732562237,-0.0029658410855042,0.0352072067232249
2024-09-19,117.3499984741211,119.66000366210938,117.25,117.87000274658205,117.82327270507812,293506400.0,,,NVDA,0.0396930281945115,0.0465116279069767,0.3953488372093023,0.0465116279069767,0.2325581395348837,0.2558139534883721,0.1860465116279069,0.1627906976744186,0.6976744186046512,0.9767441860465116,0.2790697674418604,0.6976744186046512,0.6454186046511627,0.1660837209302325,0.0238465116279069,0.0654744186046511,0.0991813953488372,0.1131860465116279,0.6935348837209302,0.1932767441860465,0.0800906976744185,43.0,0.0909090909090909,0.25,0.0909090909090909,0.1136363636363636,0.1818181818181818,0.1136363636363636,0.1590909090909091,0.3636363636363636,0.4772727272727273,0.1818181818181818,0.2954545454545454,0.6384613636363636,0.1390431818181818,0.0660363636363636,0.0537545454545454,0.1027159090909091,0.1177295454545454,0.7879181818181817,0.0943636363636363,-0.023365909090909,44.0,0.0425776993147857,0.0170643800340437,-0.1042237886034085
2024-09-20,117.05999755859376,118.62000274658205,115.38999938964844,116.0,115.95401763916016,382462400.0,,,NVDA,-0.0158649053196551,0.1,0.125,0.075,0.15,0.05,0.075,0.075,0.175,0.5,0.125,0.375,0.62844,0.1953524999999999,0.0284875,0.0324,0.1153075,0.1205125,0.8191475,0.060355,-0.0601574999999999,40.0,0.0465116279069767,0.3953488372093023,0.0465116279069767,0.2325581395348837,0.2558139534883721,0.1860465116279069,0.1627906976744186,0.6976744186046512,0.9767441860465116,0.2790697674418604,0.6976744186046512,0.6454186046511627,0.1660837209302325,0.0238465116279069,0.0654744186046511,0.0991813953488372,0.1131860465116279,0.6935348837209302,0.1932767441860465,0.0800906976744185,43.0,-0.0146261523149811,-0.001728526870969,-0.0110226764247853
2024-09-23,116.5500030517578,116.98999786376952,114.86000061035156,116.26000213623048,116.2139129638672,206228500.0,,,NVDA,0.002241365413623,0.0612244897959183,0.1938775510204081,0.0714285714285714,0.1428571428571428,0.1224489795918367,0.1326530612244898,0.1122448979591836,0.2755102040816326,0.3673469387755102,0.2959183673469387,0.0714285714285714,0.6633714285714286,0.1904806122448979,0.0420908163265306,0.0284908163265306,0.075569387755102,0.1253071428571428,0.7872275510204082,0.0874714285714285,-0.0378357142857142,98.0,0.1,0.125,0.075,0.15,0.05,0.075,0.075,0.175,0.5,0.125,0.375,0.62844,0.1953524999999999,0.0284875,0.0324,0.1153075,0.1205125,0.8191475,0.060355,-0.0601574999999999,40.0,0.003889539668556,0.0024988246613384,-0.0160990267089047
2024-09-24,116.5199966430664,121.8000030517578,115.37999725341795,120.87000274658205,120.82209014892578,354966800.0,,,NVDA,0.0396525430349405,0.5555555555555556,0.4444444444444444,0.3333333333333333,0.6666666666666666,0.2222222222222222,0.2777777777777778,0.3888888888888889,0.4444444444444444,0.8888888888888888,1.0,-0.1111111111111111,0.7434999999999999,0.0656055555555555,0.0224,0.05065,0.1178388888888889,0.0382388888888888,0.6648000000000001,0.2969555555555556,0.2587166666666667,18.0,0.0612244897959183,0.1938775510204081,0.0714285714285714,0.1428571428571428,0.1224489795918367,0.1326530612244898,0.1122448979591836,0.2755102040816326,0.3673469387755102,0.2959183673469387,0.0714285714285714,0.6633714285714286,0.1904806122448979,0.0420908163265306,0.0284908163265306,0.075569387755102,0.1253071428571428,0.7872275510204082,0.0874714285714285,-0.0378357142857142,98.0,0.0121136822808287,0.0028613323692314,-0.031466330345934
2024-09-25,122.0199966430664,124.94000244140624,121.61000061035156,123.51000213623048,123.4610366821289,284692900.0,,,NVDA,0.0218415898115182,0.1666666666666666,0.3666666666666666,0.0333333333333333,0.0666666666666666,0.1333333333333333,0.1,0.1,0.3666666666666666,0.6333333333333333,0.2666666666666666,0.3666666666666666,0.6821633333333333,0.1482,0.0443799999999999,0.0324966666666666,0.0927533333333333,0.0853433333333333,0.7652166666666667,0.1494333333333333,0.06409,30.0,0.5555555555555556,0.4444444444444444,0.3333333333333333,0.6666666666666666,0.2222222222222222,0.2777777777777778,0.3888888888888889,0.4444444444444444,0.8888888888888888,1.0,-0.1111111111111111,0.7434999999999999,0.0656055555555555,0.0224,0.05065,0.1178388888888889,0.0382388888888888,0.6648000000000001,0.2969555555555556,0.2587166666666667,18.0,0.0068900183144646,-0.0022055614600836,0.0012995129072905
2024-09-26,126.8000030517578,127.66999816894533,121.8000030517578,124.04000091552734,123.9908218383789,302582900.0,,,NVDA,0.0042911121637023,0.1212121212121212,0.303030303030303,0.0303030303030303,0.0606060606060606,0.0606060606060606,0.1515151515151515,0.0909090909090909,0.2121212121212121,0.6363636363636364,0.2121212121212121,0.4242424242424242,0.7366181818181818,0.1201666666666666,0.0298363636363636,0.0362060606060606,0.0771696969696969,0.1654484848484848,0.7193939393939394,0.1151575757575757,-0.050290909090909,33.0,0.1666666666666666,0.3666666666666666,0.0333333333333333,0.0666666666666666,0.1333333333333333,0.1,0.1,0.3666666666666666,0.6333333333333333,0.2666666666666666,0.3666666666666666,0.6821633333333333,0.1482,0.0443799999999999,0.0324966666666666,0.0927533333333333,0.0853433333333333,0.7652166666666667,0.1494333333333333,0.06409,30.0,0.0357471506309967,0.0039646391160432,-0.0025957146170734
2024-09-27,123.97000122070312,124.02999877929688,119.26000213623048,121.4000015258789,121.35187530517578,271009200.0,,,NVDA,-0.0212834022234562,0.0638297872340425,0.2978723404255319,0.1063829787234042,0.1063829787234042,0.1276595744680851,0.1276595744680851,0.1489361702127659,0.4042553191489361,0.7659574468085106,0.2340425531914893,0.5319148936170213,0.6517106382978723,0.1986553191489361,0.0367191489361702,0.0251680851063829,0.0877617021276595,0.1128361702127659,0.761,0.1261765957446808,0.0133404255319148,47.0,0.1212121212121212,0.303030303030303,0.0303030303030303,0.0606060606060606,0.0606060606060606,0.1515151515151515,0.0909090909090909,0.2121212121212121,0.6363636363636364,0.2121212121212121,0.4242424242424242,0.7366181818181818,0.1201666666666666,0.0298363636363636,0.0362060606060606,0.0771696969696969,0.1654484848484848,0.7193939393939394,0.1151575757575757,-0.050290909090909,33.0,-0.0158609915228485,-0.0014502546060429,0.103448224512185
2024-09-30,118.30999755859376,121.5,118.1500015258789,121.44000244140624,121.3918685913086,226553700.0,,,NVDA,0.000329564632044,0.0991735537190082,0.2231404958677686,0.024793388429752,0.0991735537190082,0.1487603305785124,0.1074380165289256,0.0909090909090909,0.2314049586776859,0.4628099173553719,0.256198347107438,0.2066115702479339,0.6080280991735537,0.2189859504132231,0.0408347107438016,0.0321438016528925,0.099999173553719,0.0928123966942148,0.8041099173553719,0.1030727272727272,0.0102603305785123,121.0,0.0638297872340425,0.2978723404255319,0.1063829787234042,0.1063829787234042,0.1276595744680851,0.1276595744680851,0.1489361702127659,0.4042553191489361,0.7659574468085106,0.2340425531914893,0.5319148936170213,0.6517106382978723,0.1986553191489361,0.0367191489361702,0.0251680851063829,0.0877617021276595,0.1128361702127659,0.761,0.1261765957446808,0.0133404255319148,47.0,-0.0089823640837808,0.0040073375807923,-0.0135612944959943
2024-10-01,121.7699966430664,122.44000244140624,115.79000091552734,117.0,116.95361328125,302094500.0,,,NVDA,-0.0365613888439342,0.1923076923076923,0.5961538461538461,0.0769230769230769,0.1153846153846153,0.173076923076923,0.0961538461538461,0.1153846153846153,0.6153846153846154,1.0961538461538465,0.4230769230769231,0.6730769230769231,0.8022423076923076,0.0727115384615384,0.0245,0.051226923076923,0.049326923076923,0.1247596153846153,0.7769557692307691,0.0982923076923076,-0.0264673076923076,52.0,0.0991735537190082,0.2231404958677686,0.024793388429752,0.0991735537190082,0.1487603305785124,0.1074380165289256,0.0909090909090909,0.2314049586776859,0.4628099173553719,0.256198347107438,0.2066115702479339,0.6080280991735537,0.2189859504132231,0.0408347107438016,0.0321438016528925,0.099999173553719,0.0928123966942148,0.8041099173553719,0.1030727272727272,0.0102603305785123,121.0,-0.0280150049161083,-0.0089586482363213,0.1512253888745365
2024-10-02,116.44000244140624,119.37999725341795,115.13999938964844,118.8499984741211,118.80288696289062,221845900.0,,,NVDA,0.0158120269203951,0.0,0.0,0.0,0.0,0.0,0.0,0.0,0.0,0.0,0.0,0.0,0.9081,0.0186,0.0204,0.0272,0.0257,0.0124,0.8715,0.1162,0.1038,1.0,0.1923076923076923,0.5961538461538461,0.0769230769230769,0.1153846153846153,0.173076923076923,0.0961538461538461,0.1153846153846153,0.6153846153846154,1.0961538461538465,0.4230769230769231,0.6730769230769231,0.8022423076923076,0.0727115384615384,0.0245,0.051226923076923,0.049326923076923,0.1247596153846153,0.7769557692307691,0.0982923076923076,-0.0264673076923076,52.0,0.0134742582857161,0.000422300342626,-0.0186916202530317
2024-10-03,120.91999816894533,124.36000061035156,120.33999633789062,122.8499984741211,122.80130004882812,277118000.0,,,NVDA,0.033655857935392,0.0,0.5,0.0,0.0,0.0,0.0,0.0,0.0,0.0,0.0,0.0,0.87275,0.02675,0.01875,0.03865,0.0431,0.0166499999999999,0.91325,0.0701,0.05345,2.0,0.0,0.0,0.0,0.0,0.0,0.0,0.0,0.0,0.0,0.0,0.0,0.9081,0.0186,0.0204,0.0272,0.0257,0.0124,0.8715,0.1162,0.1038,1.0,0.0035660018825951,-0.0018282855432525,0.0841269938984017
2024-10-04,124.94000244140624,125.04000091552734,121.83000183105467,124.91999816894533,124.87046813964844,243678100.0,,,NVDA,0.0168497246364458,0.15,0.5,0.05,0.25,0.2,0.3,0.2,0.45,0.9,0.4,0.5,0.67797,0.175215,0.0547649999999999,0.0439,0.04814,0.182355,0.71565,0.102,-0.080355,20.0,0.0,0.5,0.0,0.0,0.0,0.0,0.0,0.0,0.0,0.0,0.0,0.87275,0.02675,0.01875,0.03865,0.0431,0.0166499999999999,0.91325,0.0701,0.05345,2.0,0.013686585666562,0.0090872694961003,-0.0624695315248242
2024-10-07,124.98999786376952,130.63999938964844,124.9499969482422,127.72000122070312,127.66937255859376,346250200.0,,,NVDA,0.0224144624477196,0.1956521739130435,0.5217391304347826,0.0434782608695652,0.1521739130434782,0.1956521739130435,0.1521739130434782,0.1304347826086956,0.4782608695652174,0.8695652173913043,0.4130434782608695,0.4565217391304347,0.6617673913043478,0.19545,0.0250173913043478,0.0257152173913043,0.092041304347826,0.1260282608695652,0.7822673913043477,0.0917108695652173,-0.0343173913043478,46.0,0.15,0.5,0.05,0.25,0.2,0.3,0.2,0.45,0.9,0.4,0.5,0.67797,0.175215,0.0547649999999999,0.0439,0.04814,0.182355,0.71565,0.102,-0.080355,20.0,-0.0027263497043827,-0.0090403495564238,0.1785528614599587
2024-10-08,130.25999450683594,133.47999572753906,129.4199981689453,132.88999938964844,132.83731079101562,285722500.0,,,NVDA,0.0404790759823781,0.1975308641975308,0.345679012345679,0.074074074074074,0.2345679012345679,0.0864197530864197,0.2222222222222222,0.0864197530864197,0.3086419753086419,0.6419753086419753,0.4691358024691358,0.1728395061728395,0.6282283950617283,0.2029123456790123,0.0406456790123456,0.0407345679012345,0.0874728395061728,0.1813,0.6879543209876543,0.1307506172839506,-0.0505493827160493,81.0,0.1956521739130435,0.5217391304347826,0.0434782608695652,0.1521739130434782,0.1956521739130435,0.1521739130434782,0.1304347826086956,0.4782608695652174,0.8695652173913043,0.4130434782608695,0.4565217391304347,0.6617673913043478,0.19545,0.0250173913043478,0.0257152173913043,0.092041304347826,0.1260282608695652,0.7822673913043477,0.0917108695652173,-0.0343173913043478,46.0,0.0098502847073831,0.0094575403129666,-0.0538868969189242
2024-10-09,134.11000061035156,134.52000427246094,131.3800048828125,132.64999389648438,132.597412109375,246191600.0,,,NVDA,-0.0018059585835642,0.2142857142857142,0.5119047619047619,0.0595238095238095,0.1309523809523809,0.2142857142857142,0.1904761904761904,0.0833333333333333,0.4166666666666667,0.6785714285714286,0.4761904761904761,0.2023809523809523,0.6003035714285714,0.2585559523809523,0.0417738095238095,0.028645238095238,0.0707178571428571,0.2004678571428571,0.7119428571428571,0.0875988095238095,-0.1128690476190476,84.0,0.1975308641975308,0.345679012345679,0.074074074074074,0.2345679012345679,0.0864197530864197,0.2222222222222222,0.0864197530864197,0.3086419753086419,0.6419753086419753,0.4691358024691358,0.1728395061728395,0.6282283950617283,0.2029123456790123,0.0406456790123456,0.0407345679012345,0.0874728395061728,0.1813,0.6879543209876543,0.1307506172839506,-0.0505493827160493,81.0,0.0104416248327354,0.0069263529633656,-0.0261437658238922
2024-10-10,131.91000366210938,135.0,131.0,134.80999755859375,134.75656127929688,242311300.0,,,NVDA,0.0162834940409009,0.0625,0.1875,0.0625,0.25,0.0625,0.125,0.09375,0.3125,0.5,0.28125,0.21875,0.6147875,0.226834375,0.05433125,0.041109375,0.062934375,0.148921875,0.774003125,0.077071875,-0.07185,32.0,0.2142857142857142,0.5119047619047619,0.0595238095238095,0.1309523809523809,0.2142857142857142,0.1904761904761904,0.0833333333333333,0.4166666666666667,0.6785714285714286,0.4761904761904761,0.2023809523809523,0.6003035714285714,0.2585559523809523,0.0417738095238095,0.028645238095238,0.0707178571428571,0.2004678571428571,0.7119428571428571,0.0875988095238095,-0.1128690476190476,84.0,-0.0070168126608862,-0.0017500612795954,0.0033556899700895
2024-10-11,134.00999450683594,135.77999877929688,133.66000366210938,134.8000030517578,134.74656677246094,170209500.0,,,NVDA,-7.416712582342111e-05,0.1506849315068493,0.3013698630136986,0.0547945205479452,0.1506849315068493,0.1780821917808219,0.1232876712328767,0.0958904109589041,0.3287671232876712,0.589041095890411,0.273972602739726,0.3150684931506849,0.5566328767123288,0.2063,0.0648986301369863,0.0529136986301369,0.1192520547945205,0.098458904109589,0.8078561643835617,0.0936780821917808,-0.0047808219178082,73.0,0.0625,0.1875,0.0625,0.25,0.0625,0.125,0.09375,0.3125,0.5,0.28125,0.21875,0.6147875,0.226834375,0.05433125,0.041109375,0.062934375,0.148921875,0.774003125,0.077071875,-0.07185,32.0,0.0083943052003589,0.0059881602030469,-0.0224558630602073
2024-10-14,136.47000122070312,139.60000610351562,136.3000030517578,138.07000732421875,138.01527404785156,232347700.0,,,NVDA,0.0242581859685546,0.1013824884792626,0.2764976958525346,0.064516129032258,0.1751152073732718,0.1981566820276497,0.1152073732718894,0.1013824884792626,0.2811059907834101,0.6405529953917051,0.3087557603686636,0.3317972350230415,0.599378801843318,0.2116811059907834,0.053316129032258,0.0325917050691244,0.1030248847926267,0.1491165898617511,0.7592912442396313,0.0915912442396313,-0.0575253456221198,217.0,0.1506849315068493,0.3013698630136986,0.0547945205479452,0.1506849315068493,0.1780821917808219,0.1232876712328767,0.0958904109589041,0.3287671232876712,0.589041095890411,0.273972602739726,0.3150684931506849,0.5566328767123288,0.2063,0.0648986301369863,0.0529136986301369,0.1192520547945205,0.098458904109589,0.8078561643835617,0.0936780821917808,-0.0047808219178082,73.0,0.0184318478219636,0.0081784513340124,-0.037145569674535
2024-10-15,137.8699951171875,138.57000732421875,128.74000549316406,131.60000610351562,131.54783630371094,377831000.0,,,NVDA,-0.0468603043305068,0.1176470588235294,0.3529411764705882,0.0392156862745098,0.1372549019607843,0.1176470588235294,0.1568627450980392,0.0392156862745098,0.4901960784313725,0.7254901960784313,0.3529411764705882,0.3725490196078431,0.5986156862745098,0.2309745098039215,0.0331254901960784,0.0279666666666666,0.1093294117647058,0.1648666666666667,0.7063470588235293,0.1287941176470588,-0.0360725490196078,51.0,0.1013824884792626,0.2764976958525346,0.064516129032258,0.1751152073732718,0.1981566820276497,0.1152073732718894,0.1013824884792626,0.2811059907834101,0.6405529953917051,0.3087557603686636,0.3317972350230415,0.599378801843318,0.2116811059907834,0.053316129032258,0.0325917050691244,0.1030248847926267,0.1491165898617511,0.7592912442396313,0.0915912442396313,-0.0575253456221198,217.0,-0.0518764907660407,-0.0077696278185275,0.0477156644824783
2024-10-16,133.97999572753906,136.6199951171875,131.5800018310547,135.72000122070312,135.66619873046875,264879700.0,,,NVDA,0.0313069567883241,0.0875,0.2125,0.0375,0.1125,0.15,0.125,0.0875,0.45,0.725,0.2875,0.4375,0.5842775,0.209315,0.0772825,0.0358025,0.09332125,0.13212625,0.75661,0.11126,-0.0208662499999999,80.0,0.1176470588235294,0.3529411764705882,0.0392156862745098,0.1372549019607843,0.1176470588235294,0.1568627450980392,0.0392156862745098,0.4901960784313725,0.7254901960784313,0.3529411764705882,0.3725490196078431,0.5986156862745098,0.2309745098039215,0.0331254901960784,0.0279666666666666,0.1093294117647058,0.1648666666666667,0.7063470588235293,0.1287941176470588,-0.0360725490196078,51.0,0.0,0.0043464973089029,-0.0513565647910825
2024-10-17,139.33999633789062,140.88999938964844,136.8699951171875,136.92999267578125,136.87570190429688,306435900.0,,,NVDA,0.0089152875598075,0.0963855421686747,0.2650602409638554,0.1204819277108433,0.180722891566265,0.0843373493975903,0.253012048192771,0.0963855421686747,0.2289156626506024,0.4216867469879518,0.3734939759036144,0.0481927710843373,0.6051228915662651,0.2071951807228915,0.0428397590361445,0.0534614457831325,0.0913771084337349,0.1220493975903614,0.756366265060241,0.1215771084337349,-0.0004722891566265,83.0,0.0875,0.2125,0.0375,0.1125,0.15,0.125,0.0875,0.45,0.725,0.2875,0.4375,0.5842775,0.209315,0.0772825,0.0358025,0.09332125,0.13212625,0.75661,0.11126,-0.0208662499999999,80.0,0.0078727997241845,8.56767013679427e-05,-0.0240040508266524
2024-10-18,138.6699981689453,138.89999389648438,137.27999877929688,138.0,137.94529724121094,176090200.0,,,NVDA,0.0078143550829929,0.1625,0.35,0.0375,0.225,0.2,0.2875,0.0625,0.45,0.55,0.4125,0.1375,0.55031875,0.29393625,0.044005,0.029855,0.081885,0.188305,0.7012912499999999,0.1104087499999999,-0.07789625,80.0,0.0963855421686747,0.2650602409638554,0.1204819277108433,0.180722891566265,0.0843373493975903,0.253012048192771,0.0963855421686747,0.2289156626506024,0.4216867469879518,0.3734939759036144,0.0481927710843373,0.6051228915662651,0.2071951807228915,0.0428397590361445,0.0534614457831325,0.0913771084337349,0.1220493975903614,0.756366265060241,0.1215771084337349,-0.0004722891566265,83.0,0.0009164822993981,0.0038466930239535,-0.056514907860392
2024-10-21,138.1300048828125,143.7100067138672,138.0,143.7100067138672,143.6530303955078,264554500.0,,,NVDA,0.0413767868020635,0.1538461538461538,0.3076923076923077,0.0358974358974358,0.1743589743589743,0.123076923076923,0.1538461538461538,0.0974358974358974,0.3333333333333333,0.5025641025641026,0.2974358974358974,0.2051282051282051,0.594203076923077,0.2338302564102564,0.0481205128205128,0.0354876923076923,0.0883579487179487,0.1529410256410256,0.7421646153846154,0.1048917948717948,-0.0480492307692307,195.0,0.1625,0.35,0.0375,0.225,0.2,0.2875,0.0625,0.45,0.55,0.4125,0.1375,0.55031875,0.29393625,0.044005,0.029855,0.081885,0.188305,0.7012912499999999,0.1104087499999999,-0.07789625,80.0,-0.0018747284443662,-0.0016423109811971,0.0188574675340817
2024-10-22,142.91000366210938,144.4199981689453,141.77999877929688,143.58999633789062,143.5330810546875,226311600.0,,,NVDA,-0.0008349934595188,0.0581395348837209,0.3488372093023256,0.0697674418604651,0.127906976744186,0.127906976744186,0.0813953488372093,0.0930232558139534,0.3488372093023256,0.6046511627906976,0.1860465116279069,0.4186046511627907,0.6551906976744186,0.1574441860465116,0.0297011627906976,0.0412023255813953,0.116456976744186,0.1164976744186046,0.7537825581395349,0.1297244186046511,0.0132267441860465,86.0,0.1538461538461538,0.3076923076923077,0.0358974358974358,0.1743589743589743,0.123076923076923,0.1538461538461538,0.0974358974358974,0.3333333333333333,0.5025641025641026,0.2974358974358974,0.2051282051282051,0.594203076923077,0.2338302564102564,0.0481205128205128,0.0354876923076923,0.0883579487179487,0.1529410256410256,0.7421646153846154,0.1048917948717948,-0.0480492307692307,195.0,-0.0037129082524051,-0.000531198659889,-0.0092542225654596
2024-10-23,142.02999877929688,142.42999267578125,137.4600067138672,139.55999755859375,139.50466918945312,285930000.0,,,NVDA,-0.0280660864773014,0.0895522388059701,0.2537313432835821,0.0597014925373134,0.1044776119402985,0.1044776119402985,0.1791044776119403,0.0895522388059701,0.3432835820895522,0.417910447761194,0.2985074626865671,0.1194029850746268,0.6106492537313433,0.2337955223880597,0.0340507462686567,0.0308462686567164,0.0906582089552238,0.1877268656716418,0.7234313432835822,0.0888492537313433,-0.0988776119402985,67.0,0.0581395348837209,0.3488372093023256,0.0697674418604651,0.127906976744186,0.127906976744186,0.0813953488372093,0.0930232558139534,0.3488372093023256,0.6046511627906976,0.1860465116279069,0.4186046511627907,0.6551906976744186,0.1574441860465116,0.0297011627906976,0.0412023255813953,0.116456976744186,0.1164976744186046,0.7537825581395349,0.1297244186046511,0.0132267441860465,86.0,-0.0089442832872008,-0.0091373190288617,0.0571428002517699
2024-10-24,140.82000732421875,141.35000610351562,138.4600067138672,140.41000366210938,140.35433959960938,172354900.0,,,NVDA,0.0060906234543474,0.1269841269841269,0.3333333333333333,0.0476190476190476,0.2222222222222222,0.1904761904761904,0.1428571428571428,0.1111111111111111,0.6031746031746031,0.9523809523809524,0.3015873015873015,0.6507936507936508,0.6141380952380953,0.2424904761904761,0.0377412698412698,0.0373015873015873,0.068331746031746,0.1808111111111111,0.702247619047619,0.1169523809523809,-0.0638587301587301,63.0,0.0895522388059701,0.2537313432835821,0.0597014925373134,0.1044776119402985,0.1044776119402985,0.1791044776119403,0.0895522388059701,0.3432835820895522,0.417910447761194,0.2985074626865671,0.1194029850746268,0.6106492537313433,0.2337955223880597,0.0340507462686567,0.0308462686567164,0.0906582089552238,0.1877268656716418,0.7234313432835822,0.0888492537313433,-0.0988776119402985,67.0,0.005574209987549,0.0021627269277775,-0.0083160004841731
2024-10-25,140.92999267578125,144.1300048828125,140.8000030517578,141.5399932861328,141.48388671875,205122100.0,,,NVDA,0.0080478246868811,0.2127659574468085,0.2553191489361702,0.1276595744680851,0.1914893617021276,0.1276595744680851,0.1914893617021276,0.1276595744680851,0.3404255319148936,0.5319148936170213,0.4042553191489361,0.1276595744680851,0.5705085106382979,0.2619446808510638,0.0553042553191489,0.0460106382978723,0.0662382978723404,0.1279170212765957,0.802031914893617,0.0700574468085106,-0.0578595744680851,47.0,0.1269841269841269,0.3333333333333333,0.0476190476190476,0.2222222222222222,0.1904761904761904,0.1428571428571428,0.1111111111111111,0.6031746031746031,0.9523809523809524,0.3015873015873015,0.6507936507936508,0.6141380952380953,0.2424904761904761,0.0377412698412698,0.0373015873015873,0.068331746031746,0.1808111111111111,0.702247619047619,0.1169523809523809,-0.0638587301587301,63.0,0.0100308328306093,-0.0003453753489953,0.0655136270963465
2024-10-28,143.0,143.13999938964844,140.0500030517578,140.52000427246094,140.4643096923828,173586700.0,,,NVDA,-0.0072063119696023,0.1336405529953917,0.3594470046082949,0.0552995391705069,0.152073732718894,0.1059907834101382,0.1797235023041474,0.1198156682027649,0.3410138248847926,0.5253456221198156,0.3502304147465437,0.1751152073732718,0.6110539170506912,0.2094658986175115,0.0507059907834101,0.0376341013824884,0.091142396313364,0.1812866359447004,0.70063732718894,0.118073732718894,-0.0632129032258064,217.0,0.2127659574468085,0.2553191489361702,0.1276595744680851,0.1914893617021276,0.1276595744680851,0.1914893617021276,0.1276595744680851,0.3404255319148936,0.5319148936170213,0.4042553191489361,0.1276595744680851,0.5705085106382979,0.2619446808510638,0.0553042553191489,0.0460106382978723,0.0662382978723404,0.1279170212765957,0.802031914893617,0.0700574468085106,-0.0578595744680851,47.0,0.0006098884981349,0.0030915335564385,-0.0260698813888087
2024-10-29,140.2899932861328,142.25999450683594,138.89999389648438,141.25,141.19400024414062,157593600.0,,,NVDA,0.0051948466721249,0.108695652173913,0.4347826086956521,0.0217391304347826,0.1739130434782608,0.0869565217391304,0.1956521739130435,0.1304347826086956,0.2826086956521739,0.5,0.3260869565217391,0.1739130434782608,0.6606500000000001,0.1810869565217391,0.0404565217391304,0.0341782608695652,0.0836173913043478,0.1565478260869565,0.7103586956521738,0.1331065217391304,-0.023441304347826,46.0,0.1336405529953917,0.3594470046082949,0.0552995391705069,0.152073732718894,0.1059907834101382,0.1797235023041474,0.1198156682027649,0.3410138248847926,0.5253456221198156,0.3502304147465437,0.1751152073732718,0.6110539170506912,0.2094658986175115,0.0507059907834101,0.0376341013824884,0.091142396313364,0.1812866359447004,0.70063732718894,0.118073732718894,-0.0632129032258064,217.0,0.0245949934754488,0.0016182855030435,-0.0232322778887614
2024-10-30,139.5399932861328,140.3300018310547,136.80999755859375,139.33999633789062,139.28475952148438,179418100.0,,,NVDA,-0.0135221094335096,0.0757575757575757,0.1969696969696969,0.0606060606060606,0.106060606060606,0.0757575757575757,0.0909090909090909,0.0454545454545454,0.4545454545454545,0.4393939393939394,0.3484848484848485,0.0909090909090909,0.5412166666666667,0.2694757575757576,0.0558545454545454,0.0398727272727272,0.0935833333333333,0.2009272727272727,0.7332242424242424,0.0658454545454545,-0.1350818181818182,66.0,0.108695652173913,0.4347826086956521,0.0217391304347826,0.1739130434782608,0.0869565217391304,0.1956521739130435,0.1304347826086956,0.2826086956521739,0.5,0.3260869565217391,0.1739130434782608,0.6606500000000001,0.1810869565217391,0.0404565217391304,0.0341782608695652,0.0836173913043478,0.1565478260869565,0.7103586956521738,0.1331065217391304,-0.023441304347826,46.0,-0.0352635227850589,-0.0030251245419649,0.0522233826738975
2024-10-31,137.60000610351562,137.61000061035156,132.11000061035156,132.75999450683594,132.70736694335938,270039600.0,,,NVDA,-0.0472226293868889,0.1830985915492957,0.2816901408450704,0.0845070422535211,0.0985915492957746,0.1267605633802817,0.1126760563380281,0.1408450704225352,0.4084507042253521,0.5211267605633803,0.2676056338028169,0.2535211267605634,0.5353154929577464,0.2895971830985915,0.048494366197183,0.0321464788732394,0.0944507042253521,0.1295436619718309,0.7812943661971831,0.0891591549295774,-0.0403845070422535,71.0,0.0757575757575757,0.1969696969696969,0.0606060606060606,0.106060606060606,0.0757575757575757,0.0909090909090909,0.0454545454545454,0.4545454545454545,0.4393939393939394,0.3484848484848485,0.0909090909090909,0.5412166666666667,0.2694757575757576,0.0558545454545454,0.0398727272727272,0.0935833333333333,0.2009272727272727,0.7332242424242424,0.0658454545454545,-0.1350818181818182,66.0,-0.0387985940399566,-0.019603270710941,0.1380835092514842
2024-11-01,134.6999969482422,137.30999755859375,134.57000732421875,135.39999389648438,135.34632873535156,207127800.0,,,NVDA,0.0198855711839909,0.40625,0.375,0.0625,0.09375,0.15625,0.15625,0.03125,0.59375,1.21875,0.59375,0.625,0.86140625,0.061515625,0.02185,0.0251,0.03014375,0.095828125,0.84255,0.061628125,-0.0342,32.0,0.1830985915492957,0.2816901408450704,0.0845070422535211,0.0985915492957746,0.1267605633802817,0.1126760563380281,0.1408450704225352,0.4084507042253521,0.5211267605633803,0.2676056338028169,0.2535211267605634,0.5353154929577464,0.2895971830985915,0.048494366197183,0.0321464788732394,0.0944507042253521,0.1295436619718309,0.7812943661971831,0.0891591549295774,-0.0403845070422535,71.0,0.0106295350756735,0.0042204506992948,-0.0552677329481301
2024-11-04,137.2100067138672,138.9600067138672,135.57000732421875,136.0500030517578,135.99607849121094,187528200.0,,,NVDA,0.004800645587734,0.5166666666666667,0.65,0.05,0.05,0.1166666666666666,0.1666666666666666,0.1,0.35,0.7166666666666667,0.7666666666666667,-0.05,0.6193816666666667,0.2356266666666666,0.0469116666666666,0.0228483333333333,0.0752283333333333,0.08029,0.8099933333333333,0.1097166666666666,0.0294266666666666,60.0,0.40625,0.375,0.0625,0.09375,0.15625,0.15625,0.03125,0.59375,1.21875,0.59375,0.625,0.86140625,0.061515625,0.02185,0.0251,0.03014375,0.095828125,0.84255,0.061628125,-0.0342,32.0,-0.0057576382540422,-0.0021539069142729,0.0045704015221827
2024-11-05,137.4499969482422,140.3699951171875,137.3300018310547,139.91000366210938,139.8545379638672,160537400.0,,,NVDA,0.0283718436256645,0.1,0.25,0.05,0.1,0.05,0.15,0.0,0.2,0.5,0.35,0.15,0.71147,0.0700949999999999,0.022,0.086655,0.109775,0.0450799999999999,0.8361599999999999,0.1187749999999999,0.073695,20.0,0.5166666666666667,0.65,0.05,0.05,0.1166666666666666,0.1666666666666666,0.1,0.35,0.7166666666666667,0.7666666666666667,-0.05,0.6193816666666667,0.2356266666666666,0.0469116666666666,0.0228483333333333,0.0752283333333333,0.08029,0.8099933333333333,0.1097166666666666,0.0294266666666666,60.0,0.0116729675917715,0.0120918183990941,-0.0677888899977003
2024-11-06,142.9600067138672,146.49000549316406,141.9600067138672,145.61000061035156,145.5522918701172,242043900.0,,,NVDA,0.0407405722345746,0.4411764705882353,0.7058823529411765,0.0588235294117647,0.2058823529411764,0.1764705882352941,0.1764705882352941,0.2058823529411764,0.5,1.0,0.6764705882352942,0.3235294117647059,0.6655323529411765,0.1880205882352941,0.0289058823529411,0.0398529411764705,0.0776705882352941,0.0551882352941176,0.8412941176470587,0.1035294117647058,0.0483411764705882,34.0,0.1,0.25,0.05,0.1,0.05,0.15,0.0,0.2,0.5,0.35,0.15,0.71147,0.0700949999999999,0.022,0.086655,0.109775,0.0450799999999999,0.8361599999999999,0.1187749999999999,0.073695,20.0,0.029161245111577,0.0248655856782156,-0.2059540927522519
2024-11-07,146.38999938964844,148.92999267578125,146.1699981689453,148.8800048828125,148.8209991455078,207323300.0,,,NVDA,0.0224572710837658,0.1666666666666666,0.4166666666666667,0.0,0.0833333333333333,0.0,0.0,0.0833333333333333,0.0833333333333333,0.5,0.25,0.25,0.6692,0.178575,0.0247083333333333,0.075275,0.0522416666666666,0.034475,0.8604166666666666,0.1051083333333333,0.0706333333333333,12.0,0.4411764705882353,0.7058823529411765,0.0588235294117647,0.2058823529411764,0.1764705882352941,0.1764705882352941,0.2058823529411764,0.5,1.0,0.6764705882352942,0.3235294117647059,0.6655323529411765,0.1880205882352941,0.0289058823529411,0.0398529411764705,0.0776705882352941,0.0551882352941176,0.8412941176470587,0.1035294117647058,0.0483411764705882,34.0,0.0208461195846207,0.0077322711367893,-0.0657652500549227
2024-11-08,148.77000427246094,149.77000427246094,146.25999450683594,147.6300048828125,147.57147216796875,175665800.0,,,NVDA,-0.0083961738243495,0.0555555555555555,0.1666666666666666,0.0555555555555555,0.1111111111111111,0.1111111111111111,0.1666666666666666,0.1666666666666666,0.6666666666666666,0.4444444444444444,0.2222222222222222,0.2222222222222222,0.5851333333333333,0.2114388888888889,0.0696,0.0414055555555555,0.0924277777777777,0.2545777777777778,0.6331055555555555,0.1123166666666666,-0.1422611111111111,18.0,0.1666666666666666,0.4166666666666667,0.0,0.0833333333333333,0.0,0.0,0.0833333333333333,0.0833333333333333,0.5,0.25,0.25,0.6692,0.178575,0.0247083333333333,0.075275,0.0522416666666666,0.034475,0.8604166666666666,0.1051083333333333,0.0706333333333333,12.0,-0.0074645492544633,0.0043316374029578,-0.0171052784305532
2024-11-11,148.67999267578125,148.85000610351562,143.57000732421875,145.25999450683594,145.20240783691406,182325600.0,,,NVDA,-0.0160536741705616,0.1714285714285714,0.2857142857142857,0.0666666666666666,0.2761904761904762,0.0761904761904762,0.3619047619047619,0.1523809523809524,0.3619047619047619,0.5238095238095238,0.5238095238095238,0.0,0.6210428571428572,0.2394752380952381,0.057295238095238,0.026907619047619,0.0552780952380952,0.2062790476190476,0.6995780952380953,0.0941457142857142,-0.1121333333333333,105.0,0.0555555555555555,0.1666666666666666,0.0555555555555555,0.1111111111111111,0.1111111111111111,0.1666666666666666,0.1666666666666666,0.6666666666666666,0.4444444444444444,0.2222222222222222,0.2222222222222222,0.5851333333333333,0.2114388888888889,0.0696,0.0414055555555555,0.0924277777777777,0.2545777777777778,0.6331055555555555,0.1123166666666666,-0.1422611111111111,18.0,-0.0250260479988753,0.0009529298360098,0.0020080781451226
2024-11-12,146.77999877929688,149.64999389648438,146.00999450683594,148.2899932861328,148.231201171875,198634700.0,,,NVDA,0.0208591123252086,0.073170731707317,0.4268292682926829,0.048780487804878,0.1585365853658536,0.1341463414634146,0.0975609756097561,0.1097560975609756,0.5121951219512195,0.8170731707317073,0.2560975609756097,0.5609756097560976,0.6133158536585366,0.1667719512195122,0.0384463414634146,0.0618780487804878,0.1195829268292682,0.1222853658536585,0.7630902439024391,0.1146231707317073,-0.0076621951219512,82.0,0.1714285714285714,0.2857142857142857,0.0666666666666666,0.2761904761904762,0.0761904761904762,0.3619047619047619,0.1523809523809524,0.3619047619047619,0.5238095238095238,0.5238095238095238,0.0,0.6210428571428572,0.2394752380952381,0.057295238095238,0.026907619047619,0.0552780952380952,0.2062790476190476,0.6995780952380953,0.0941457142857142,-0.1121333333333333,105.0,-0.0109055928909546,-0.0031064472321096,-0.0173680844518407
2024-11-13,149.07000732421875,149.3300018310547,145.89999389648438,146.27000427246094,146.21202087402344,191903300.0,,,NVDA,-0.0136218305045663,0.1739130434782608,0.4347826086956521,0.108695652173913,0.108695652173913,0.108695652173913,0.1956521739130435,0.108695652173913,0.3043478260869565,0.7608695652173914,0.4782608695652174,0.2826086956521739,0.4991173913043478,0.3010869565217391,0.0744108695652173,0.0338173913043478,0.0915586956521739,0.1851043478260869,0.6330108695652175,0.1818826086956521,-0.0032217391304347,46.0,0.073170731707317,0.4268292682926829,0.048780487804878,0.1585365853658536,0.1341463414634146,0.0975609756097561,0.1097560975609756,0.5121951219512195,0.8170731707317073,0.2560975609756097,0.5609756097560976,0.6133158536585366,0.1667719512195122,0.0384463414634146,0.0618780487804878,0.1195829268292682,0.1222853658536585,0.7630902439024391,0.1146231707317073,-0.0076621951219512,82.0,-0.0212451849930401,0.0004857694632012,-0.0469068374299079
2024-11-14,147.63999938964844,149.0,145.5500030517578,146.75999450683594,146.70184326171875,194463300.0,,,NVDA,0.003350082878051,0.1,0.3,0.0555555555555555,0.1333333333333333,0.1333333333333333,0.1111111111111111,0.1222222222222222,0.2777777777777778,0.4888888888888889,0.2333333333333333,0.2555555555555555,0.5892655555555556,0.2499755555555555,0.0513255555555555,0.0412222222222222,0.0682055555555555,0.1513111111111111,0.7436622222222221,0.1050311111111111,-0.0462799999999999,90.0,0.1739130434782608,0.4347826086956521,0.108695652173913,0.108695652173913,0.108695652173913,0.1956521739130435,0.108695652173913,0.3043478260869565,0.7608695652173914,0.4782608695652174,0.2826086956521739,0.4991173913043478,0.3010869565217391,0.0744108695652173,0.0338173913043478,0.0915586956521739,0.1851043478260869,0.6330108695652175,0.1818826086956521,-0.0032217391304347,46.0,-0.0005952864540137,-0.006430121185734,0.020684732695029
2024-11-15,144.8699951171875,145.24000549316406,140.0800018310547,141.97999572753906,141.9237060546875,250132900.0,,,NVDA,-0.0325703965321483,0.1666666666666666,0.2833333333333333,0.0333333333333333,0.2166666666666666,0.1166666666666666,0.1833333333333333,0.0666666666666666,0.3666666666666666,0.5166666666666667,0.5333333333333333,-0.0166666666666666,0.6362116666666666,0.22336,0.04566,0.0279666666666666,0.0668016666666666,0.1843766666666666,0.6990149999999999,0.116605,-0.0677716666666666,60.0,0.1,0.3,0.0555555555555555,0.1333333333333333,0.1333333333333333,0.1111111111111111,0.1222222222222222,0.2777777777777778,0.4888888888888889,0.2333333333333333,0.2555555555555555,0.5892655555555556,0.2499755555555555,0.0513255555555555,0.0412222222222222,0.0682055555555555,0.1513111111111111,0.7436622222222221,0.1050311111111111,-0.0462799999999999,90.0,-0.0322121766357564,-0.0128086055534601,0.1278825238553527
2024-11-18,139.5,141.5500030517578,137.14999389648438,140.14999389648438,140.09442138671875,221205300.0,,,NVDA,-0.0128892115265357,0.1285714285714285,0.2928571428571428,0.0607142857142857,0.1642857142857142,0.1107142857142857,0.15,0.0607142857142857,0.3357142857142857,0.4964285714285714,0.3285714285714285,0.1678571428571428,0.6047910714285715,0.2363582142857143,0.048255,0.0300496428571428,0.0805482142857142,0.1506632142857142,0.742795,0.1065375,-0.0441257142857142,280.0,0.1666666666666666,0.2833333333333333,0.0333333333333333,0.2166666666666666,0.1166666666666666,0.1833333333333333,0.0666666666666666,0.3666666666666666,0.5166666666666667,0.5333333333333333,-0.0166666666666666,0.6362116666666666,0.22336,0.04566,0.0279666666666666,0.0668016666666666,0.1843766666666666,0.6990149999999999,0.116605,-0.0677716666666666,60.0,0.0129253808240281,0.0040973817062672,-0.0346963746666275
2024-11-19,141.32000732421875,147.1300048828125,140.99000549316406,147.00999450683594,146.95172119140625,227834900.0,,,NVDA,0.0489477006779486,0.1065573770491803,0.2622950819672131,0.0737704918032786,0.2049180327868852,0.1147540983606557,0.1721311475409836,0.0655737704918032,0.3360655737704918,0.8688524590163934,0.3524590163934426,0.5163934426229508,0.6104704918032787,0.2343655737704918,0.0546262295081967,0.0303327868852459,0.0702040983606557,0.1313950819672131,0.7554975409836066,0.1131122950819672,-0.0182827868852459,122.0,0.1285714285714285,0.2928571428571428,0.0607142857142857,0.1642857142857142,0.1107142857142857,0.15,0.0607142857142857,0.3357142857142857,0.4964285714285714,0.3285714285714285,0.1678571428571428,0.6047910714285715,0.2363582142857143,0.048255,0.0300496428571428,0.0805482142857142,0.1506632142857142,0.742795,0.1065375,-0.0441257142857142,280.0,0.001916561306783,0.0036554827170298,0.0494223659521373
2024-11-20,147.41000366210938,147.55999755859375,142.72999572753906,145.88999938964844,145.83216857910156,309871700.0,,,NVDA,-0.0076185062905554,0.1,0.3,0.08,0.1533333333333333,0.1133333333333333,0.18,0.1066666666666666,0.3133333333333333,0.76,0.28,0.48,0.647114,0.1768706666666666,0.047244,0.051828,0.076946,0.0964753333333333,0.6222453333333333,0.2812793333333333,0.184804,150.0,0.1065573770491803,0.2622950819672131,0.0737704918032786,0.2049180327868852,0.1147540983606557,0.1721311475409836,0.0655737704918032,0.3360655737704918,0.8688524590163934,0.3524590163934426,0.5163934426229508,0.6104704918032787,0.2343655737704918,0.0546262295081967,0.0303327868852459,0.0702040983606557,0.1313950819672131,0.7554975409836066,0.1131122950819672,-0.0182827868852459,122.0,-0.0076510775832184,0.000338799059951,0.0495412505837244
2024-11-21,149.35000610351562,152.88999938964844,140.6999969482422,146.6699981689453,146.6118621826172,400946600.0,,,NVDA,0.0053465131260987,0.1764705882352941,0.2647058823529412,0.088235294117647,0.1862745098039215,0.1078431372549019,0.2352941176470588,0.1274509803921568,0.2450980392156862,0.5294117647058824,0.3823529411764705,0.1470588235294117,0.5945205882352941,0.211863725490196,0.0560696078431372,0.0400882352941176,0.0974558823529411,0.1535558823529411,0.7600480392156863,0.0863941176470588,-0.0671617647058823,102.0,0.1,0.3,0.08,0.1533333333333333,0.1133333333333333,0.18,0.1066666666666666,0.3133333333333333,0.76,0.28,0.48,0.647114,0.1768706666666666,0.047244,0.051828,0.076946,0.0964753333333333,0.6222453333333333,0.2812793333333333,0.184804,150.0,0.0158431676344101,0.0053682358092956,-0.0168997092515968
2024-11-22,145.92999267578125,147.16000366210938,141.10000610351562,141.9499969482422,141.89373779296875,236406200.0,,,NVDA,-0.032181054925635,0.0963855421686747,0.253012048192771,0.108433734939759,0.2771084337349397,0.0602409638554216,0.2650602409638554,0.0963855421686747,0.3373493975903614,0.5301204819277109,0.3614457831325301,0.1686746987951807,0.5242710843373494,0.2614963855421687,0.050956626506024,0.0536759036144578,0.1095951807228915,0.1616746987951807,0.7222746987951807,0.1160493975903614,-0.0456253012048192,83.0,0.1764705882352941,0.2647058823529412,0.088235294117647,0.1862745098039215,0.1078431372549019,0.2352941176470588,0.1274509803921568,0.2450980392156862,0.5294117647058824,0.3823529411764705,0.1470588235294117,0.5945205882352941,0.211863725490196,0.0560696078431372,0.0400882352941176,0.0974558823529411,0.1535558823529411,0.7600480392156863,0.0863941176470588,-0.0671617647058823,102.0,0.0004165054466069,0.0030995930279773,-0.0966212796103989
2024-11-25,141.99000549316406,142.0500030517578,135.82000732421875,136.02000427246094,135.96607971191406,344941900.0,,,NVDA,-0.0417753325358408,0.109090909090909,0.32,0.0545454545454545,0.1309090909090909,0.1563636363636363,0.1127272727272727,0.1309090909090909,0.3709090909090909,0.6545454545454545,0.3309090909090909,0.3236363636363636,0.556729090909091,0.2317254545454545,0.0489381818181818,0.0422272727272727,0.120378909090909,0.142264,0.7613061818181818,0.096428,-0.0458359999999999,275.0,0.0963855421686747,0.253012048192771,0.108433734939759,0.2771084337349397,0.0602409638554216,0.2650602409638554,0.0963855421686747,0.3373493975903614,0.5301204819277109,0.3614457831325301,0.1686746987951807,0.5242710843373494,0.2614963855421687,0.050956626506024,0.0536759036144578,0.1095951807228915,0.1616746987951807,0.7222746987951807,0.1160493975903614,-0.0456253012048192,83.0,0.0097607921650355,0.0033918389294345,-0.0419947112375501
2024-11-26,137.6999969482422,139.3000030517578,135.6699981689453,136.9199981689453,136.86570739746094,190287700.0,,,NVDA,0.006616559714401,0.1794871794871795,0.4102564102564102,0.0641025641025641,0.2564102564102564,0.358974358974359,0.1666666666666666,0.2179487179487179,0.5384615384615384,0.8589743589743589,0.4615384615384615,0.3974358974358974,0.6098141025641025,0.1833807692307692,0.0418858974358974,0.0606589743589743,0.104276923076923,0.0990217948717948,0.7615641025641026,0.1394153846153846,0.0403935897435897,78.0,0.109090909090909,0.32,0.0545454545454545,0.1309090909090909,0.1563636363636363,0.1127272727272727,0.1309090909090909,0.3709090909090909,0.6545454545454545,0.3309090909090909,0.3236363636363636,0.556729090909091,0.2317254545454545,0.0489381818181818,0.0422272727272727,0.120378909090909,0.142264,0.7613061818181818,0.096428,-0.0458359999999999,275.0,-0.0129649713515364,0.0052214814604552,-0.0342465744476691
2024-11-27,135.00999450683594,137.22000122070312,131.8000030517578,135.33999633789062,135.2863311767578,226370900.0,,,NVDA,-0.0115396051409473,0.1839080459770115,0.3218390804597701,0.057471264367816,0.1839080459770115,0.1149425287356321,0.1839080459770115,0.0459770114942528,0.5287356321839081,0.735632183908046,0.3908045977011494,0.3448275862068966,0.6472574712643678,0.1981931034482758,0.0404321839080459,0.034719540229885,0.0793919540229885,0.1030666666666666,0.8059632183908045,0.0909724137931034,-0.0120942528735632,87.0,0.1794871794871795,0.4102564102564102,0.0641025641025641,0.2564102564102564,0.358974358974359,0.1666666666666666,0.2179487179487179,0.5384615384615384,0.8589743589743589,0.4615384615384615,0.3974358974358974,0.6098141025641025,0.1833807692307692,0.0418858974358974,0.0606589743589743,0.104276923076923,0.0990217948717948,0.7615641025641026,0.1394153846153846,0.0403935897435897,78.0,-0.0134138949487209,-0.0030300601119489,0.0
2024-11-29,136.77999877929688,139.35000610351562,136.0500030517578,138.25,138.19520568847656,141863200.0,,,NVDA,0.0215016142903465,0.1964285714285714,0.3571428571428571,0.0535714285714285,0.1696428571428571,0.1517857142857142,0.2053571428571428,0.0892857142857142,0.3303571428571428,0.5178571428571429,0.3928571428571428,0.125,0.5827928571428572,0.244825,0.0507544642857142,0.0291964285714285,0.0924321428571428,0.1245660714285714,0.7628901785714286,0.11254375,-0.0120223214285714,112.0,0.1839080459770115,0.3218390804597701,0.057471264367816,0.1839080459770115,0.1149425287356321,0.1839080459770115,0.0459770114942528,0.5287356321839081,0.735632183908046,0.3908045977011494,0.3448275862068966,0.6472574712643678,0.1981931034482758,0.0404321839080459,0.034719540229885,0.0793919540229885,0.1030666666666666,0.8059632183908045,0.0909724137931034,-0.0120942528735632,87.0,0.013360953534508,0.0062121692989396,-0.0418439813209701
2024-12-02,138.8300018310547,140.4499969482422,137.82000732421875,138.6300048828125,138.57504272460938,171682800.0,,,NVDA,0.0027485543672842,0.183206106870229,0.3511450381679389,0.0763358778625954,0.2061068702290076,0.1374045801526717,0.1679389312977099,0.1221374045801526,0.3893129770992366,0.8396946564885496,0.366412213740458,0.4732824427480916,0.6186961832061069,0.1864862595419847,0.0392580152671755,0.0394618320610687,0.1161007633587786,0.1359564885496183,0.7420251908396946,0.1220206106870229,-0.0139358778625954,131.0,0.1964285714285714,0.3571428571428571,0.0535714285714285,0.1696428571428571,0.1517857142857142,0.2053571428571428,0.0892857142857142,0.3303571428571428,0.5178571428571429,0.3928571428571428,0.125,0.5827928571428572,0.244825,0.0507544642857142,0.0291964285714285,0.0924321428571428,0.1245660714285714,0.7628901785714286,0.11254375,-0.0120223214285714,112.0,0.0262767114763042,0.0017923617528994,-0.0125832770846677
2024-12-03,138.25999450683594,140.5399932861328,137.9499969482422,140.25999450683594,140.20440673828125,164414000.0,,,NVDA,0.0117579903396451,0.4,0.5333333333333333,0.1333333333333333,0.1333333333333333,0.1333333333333333,0.0666666666666666,0.2,0.2666666666666666,0.7333333333333333,0.6,0.1333333333333333,0.6766066666666667,0.1952799999999999,0.0411133333333333,0.0304933333333333,0.05654,0.1748866666666666,0.77806,0.04706,-0.1278266666666666,15.0,0.183206106870229,0.3511450381679389,0.0763358778625954,0.2061068702290076,0.1374045801526717,0.1679389312977099,0.1221374045801526,0.3893129770992366,0.8396946564885496,0.366412213740458,0.4732824427480916,0.6186961832061069,0.1864862595419847,0.0392580152671755,0.0394618320610687,0.1161007633587786,0.1359564885496183,0.7420251908396946,0.1220206106870229,-0.0139358778625954,131.0,-0.0056544330898934,0.0004638854809093,-0.0029984978557341
2024-12-04,142.0,145.7899932861328,140.2899932861328,145.13999938964844,145.08245849609375,231224300.0,,,NVDA,0.0347924282217344,0.25,0.5,0.25,0.0625,0.125,0.125,0.125,0.5625,0.875,0.5,0.375,0.550375,0.25103125,0.04140625,0.02415,0.1330375,0.223,0.649125,0.12786875,-0.09513125,16.0,0.4,0.5333333333333333,0.1333333333333333,0.1333333333333333,0.1333333333333333,0.0666666666666666,0.2,0.2666666666666666,0.7333333333333333,0.6,0.1333333333333333,0.6766066666666667,0.1952799999999999,0.0411133333333333,0.0304933333333333,0.05654,0.1748866666666666,0.77806,0.04706,-0.1278266666666666,15.0,0.0132386946617217,0.0062093973344559,0.0112781666450476
2024-12-05,145.11000061035156,146.5399932861328,143.9499969482422,145.05999755859375,145.0124969482422,172621200.0,0.01,,NVDA,-0.0004822192053869,0.2424242424242424,0.6363636363636364,0.2727272727272727,0.3939393939393939,0.1515151515151515,0.3333333333333333,0.1818181818181818,0.5454545454545454,1.0606060606060606,0.5757575757575758,0.4848484848484848,0.6093515151515151,0.1807333333333333,0.0480121212121212,0.0614818181818181,0.1004151515151515,0.1935181818181818,0.6928727272727272,0.1136090909090909,-0.0799090909090909,33.0,0.25,0.5,0.25,0.0625,0.125,0.125,0.125,0.5625,0.875,0.5,0.375,0.550375,0.25103125,0.04140625,0.02415,0.1330375,0.223,0.649125,0.12786875,-0.09513125,16.0,-0.0189026644228392,-0.001645498283136,0.0066914612538429
2024-12-06,144.60000610351562,145.6999969482422,141.30999755859375,142.44000244140625,142.3933563232422,188505600.0,,,NVDA,-0.0180614821489131,0.1428571428571428,0.4285714285714285,0.0,0.0,0.1428571428571428,0.0,0.1428571428571428,0.4285714285714285,0.4285714285714285,0.1428571428571428,0.2857142857142857,0.7547428571428572,0.1360571428571428,0.0387857142857142,0.0212,0.0491857142857142,0.1078428571428571,0.7871571428571429,0.1050285714285714,-0.0028142857142857,7.0,0.2424242424242424,0.6363636363636364,0.2727272727272727,0.3939393939393939,0.1515151515151515,0.3333333333333333,0.1818181818181818,0.5454545454545454,1.0606060606060606,0.5757575757575758,0.4848484848484848,0.6093515151515151,0.1807333333333333,0.0480121212121212,0.0614818181818181,0.1004151515151515,0.1935181818181818,0.6928727272727272,0.1136090909090909,-0.0799090909090909,33.0,0.0060408828923053,0.0018956365539355,-0.0568685012007914
2024-12-09,138.97000122070312,139.9499969482422,137.1300048828125,138.80999755859375,138.76454162597656,189308600.0,,,NVDA,-0.0254844382558689,0.2285714285714285,0.2571428571428571,0.0142857142857142,0.2285714285714285,0.1857142857142857,0.1857142857142857,0.0714285714285714,0.4142857142857143,0.8142857142857143,0.4,0.4142857142857143,0.6491685714285714,0.2386185714285714,0.0330985714285714,0.0287728571428571,0.0503257142857142,0.1366099999999999,0.78376,0.0796228571428571,-0.0569871428571428,70.0,0.1428571428571428,0.4285714285714285,0.0,0.0,0.1428571428571428,0.0,0.1428571428571428,0.4285714285714285,0.4285714285714285,0.1428571428571428,0.2857142857142857,0.7547428571428572,0.1360571428571428,0.0387857142857142,0.0212,0.0491857142857142,0.1078428571428571,0.7871571428571429,0.1050285714285714,-0.0028142857142857,7.0,-0.0048219440874177,-0.0051497285097474,0.1111980479026784
2024-12-10,139.00999450683594,141.82000732421875,133.7899932861328,135.07000732421875,135.0257568359375,210020900.0,,,NVDA,-0.0269433728979303,0.1304347826086956,0.6086956521739131,0.1739130434782608,0.0869565217391304,0.3043478260869565,0.1739130434782608,0.3043478260869565,0.6086956521739131,1.3043478260869563,0.3043478260869565,1.0,0.6901695652173913,0.1706434782608695,0.0246347826086956,0.0331565217391304,0.081395652173913,0.1076173913043478,0.7231826086956521,0.1691913043478261,0.0615739130434782,23.0,0.2285714285714285,0.2571428571428571,0.0142857142857142,0.2285714285714285,0.1857142857142857,0.1857142857142857,0.0714285714285714,0.4142857142857143,0.8142857142857143,0.4,0.4142857142857143,0.6491685714285714,0.2386185714285714,0.0330985714285714,0.0287728571428571,0.0503257142857142,0.1366099999999999,0.78376,0.0796228571428571,-0.0569871428571428,70.0,-0.0237691878937063,-0.0031089136988243,-0.0007046705780979
2024-12-11,137.36000061035156,140.1699981689453,135.2100067138672,139.30999755859375,139.26437377929688,184905200.0,,,NVDA,0.0313911733781984,0.2978723404255319,0.425531914893617,0.1489361702127659,0.3191489361702128,0.1702127659574468,0.2765957446808511,0.3404255319148936,0.2978723404255319,0.574468085106383,0.6595744680851063,-0.0851063829787234,0.6120361702127659,0.2379510638297872,0.0666191489361702,0.0255212765957446,0.0578723404255319,0.2277744680851063,0.7032829787234042,0.0689553191489361,-0.1588191489361702,47.0,0.1304347826086956,0.6086956521739131,0.1739130434782608,0.0869565217391304,0.3043478260869565,0.1739130434782608,0.3043478260869565,0.6086956521739131,1.3043478260869563,0.3043478260869565,1.0,0.6901695652173913,0.1706434782608695,0.0246347826086956,0.0331565217391304,0.081395652173913,0.1076173913043478,0.7231826086956521,0.1691913043478261,0.0615739130434782,23.0,0.0251439208009436,0.0077305599170185,-0.0423131430576008
2024-12-12,137.0800018310547,138.44000244140625,135.8000030517578,137.33999633789062,137.29501342773438,159211400.0,,,NVDA,-0.0141411640186132,0.1020408163265306,0.3061224489795918,0.0408163265306122,0.1020408163265306,0.0816326530612244,0.1224489795918367,0.0408163265306122,0.6938775510204082,0.6938775510204082,0.3877551020408163,0.3061224489795918,0.5137795918367347,0.3421244897959183,0.040769387755102,0.0261122448979591,0.0772163265306122,0.2129632653061224,0.7094551020408163,0.0775877551020408,-0.1353755102040816,49.0,0.2978723404255319,0.425531914893617,0.1489361702127659,0.3191489361702128,0.1702127659574468,0.2765957446808511,0.3404255319148936,0.2978723404255319,0.574468085106383,0.6595744680851063,-0.0851063829787234,0.6120361702127659,0.2379510638297872,0.0666191489361702,0.0255212765957446,0.0578723404255319,0.2277744680851063,0.7032829787234042,0.0689553191489361,-0.1588191489361702,47.0,-0.0077646487334895,-0.0051525931159457,0.0250368302281331
2024-12-13,138.94000244140625,139.60000610351562,132.5399932861328,134.25,134.20602416992188,231514900.0,,,NVDA,-0.022498918064773,0.1267605633802817,0.2816901408450704,0.0985915492957746,0.1690140845070422,0.1408450704225352,0.1408450704225352,0.0985915492957746,0.3943661971830985,0.5774647887323944,0.2816901408450704,0.2957746478873239,0.5517577464788732,0.2613957746478873,0.0343760563380281,0.034412676056338,0.1180676056338028,0.1657309859154929,0.6746197183098591,0.1596478873239436,-0.0060830985915492,71.0,0.1020408163265306,0.3061224489795918,0.0408163265306122,0.1020408163265306,0.0816326530612244,0.1224489795918367,0.0408163265306122,0.6938775510204082,0.6938775510204082,0.3877551020408163,0.3061224489795918,0.5137795918367347,0.3421244897959183,0.040769387755102,0.0261122448979591,0.0772163265306122,0.2129632653061224,0.7094551020408163,0.0775877551020408,-0.1353755102040816,49.0,0.027895445406761,-0.0001986218195321,-0.0079022741432722
2024-12-16,134.17999267578125,134.39999389648438,130.4199981689453,132.0,131.95675659179688,237951100.0,,,NVDA,-0.0167598108358917,0.1121951219512195,0.248780487804878,0.0536585365853658,0.1365853658536585,0.0926829268292682,0.1512195121951219,0.0780487804878048,0.3414634146341463,0.5414634146341464,0.3024390243902439,0.2390243902439024,0.6567712195121952,0.1876097560975609,0.0467946341463414,0.028630731707317,0.0801926829268292,0.172470731707317,0.7272765853658537,0.1002517073170731,-0.0722190243902439,205.0,0.1267605633802817,0.2816901408450704,0.0985915492957746,0.1690140845070422,0.1408450704225352,0.1408450704225352,0.0985915492957746,0.3943661971830985,0.5774647887323944,0.2816901408450704,0.2957746478873239,0.5517577464788732,0.2613957746478873,0.0343760563380281,0.034412676056338,0.1180676056338028,0.1657309859154929,0.6746197183098591,0.1596478873239436,-0.0060830985915492,71.0,0.0185399772246013,0.0042699835559463,0.0637218779165704
2024-12-17,129.08999633789062,131.58999633789062,126.86000061035156,130.38999938964844,130.3472900390625,259410300.0,,,NVDA,-0.0121969241613992,0.1111111111111111,0.1616161616161616,0.0404040404040404,0.1717171717171717,0.1313131313131313,0.1818181818181818,0.1212121212121212,0.3131313131313131,0.5656565656565656,0.303030303030303,0.2626262626262626,0.6384515151515151,0.1767080808080808,0.0379696969696969,0.0553696969696969,0.0915080808080808,0.1488484848484848,0.6791474747474748,0.1720121212121212,0.0231636363636363,99.0,0.1121951219512195,0.248780487804878,0.0536585365853658,0.1365853658536585,0.0926829268292682,0.1512195121951219,0.0780487804878048,0.3414634146341463,0.5414634146341464,0.3024390243902439,0.2390243902439024,0.6567712195121952,0.1876097560975609,0.0467946341463414,0.028630731707317,0.0801926829268292,0.172470731707317,0.7272765853658537,0.1002517073170731,-0.0722190243902439,205.0,-0.0141446600214791,-0.0041200529722559,0.0803267759620312
2024-12-18,133.86000061035156,136.6999969482422,128.27999877929688,128.91000366210938,128.86778259277344,277444500.0,,,NVDA,-0.0113505040714362,0.1153846153846153,0.3717948717948718,0.0384615384615384,0.1538461538461538,0.1153846153846153,0.1153846153846153,0.1282051282051282,0.358974358974359,0.3974358974358974,0.2435897435897435,0.1538461538461538,0.6337038461538461,0.1787076923076923,0.0466794871794871,0.0416679487179487,0.0992448717948718,0.1332474358974359,0.7678038461538461,0.0989384615384615,-0.0343089743589743,78.0,0.1111111111111111,0.1616161616161616,0.0404040404040404,0.1717171717171717,0.1313131313131313,0.1818181818181818,0.1212121212121212,0.3131313131313131,0.5656565656565656,0.303030303030303,0.2626262626262626,0.6384515151515151,0.1767080808080808,0.0379696969696969,0.0553696969696969,0.0915080808080808,0.1488484848484848,0.6791474747474748,0.1720121212121212,0.0231636363636363,99.0,-0.0369857796663892,-0.0298034737065155,0.7403907396600702
2024-12-19,131.75999450683594,134.02999877929688,129.5500030517578,130.67999267578125,130.63719177246094,209719200.0,,,NVDA,0.013730423105664,0.1447368421052631,0.2763157894736842,0.0526315789473684,0.2105263157894736,0.131578947368421,0.2105263157894736,0.1184210526315789,0.4342105263157895,0.618421052631579,0.3157894736842105,0.3026315789473684,0.4719671052631579,0.3500921052631578,0.0830355263157894,0.0277657894736842,0.0671355263157894,0.2293907894736842,0.6905855263157894,0.0800407894736842,-0.14935,76.0,0.1153846153846153,0.3717948717948718,0.0384615384615384,0.1538461538461538,0.1153846153846153,0.1153846153846153,0.1282051282051282,0.358974358974359,0.3974358974358974,0.2435897435897435,0.1538461538461538,0.6337038461538461,0.1787076923076923,0.0466794871794871,0.0416679487179487,0.0992448717948718,0.1332474358974359,0.7678038461538461,0.0989384615384615,-0.0343089743589743,78.0,-0.0167910490340397,-0.0003072112624772,-0.1278059587033482
2024-12-20,129.80999755859375,135.27999877929688,128.22000122070312,134.6999969482422,134.65586853027344,306528600.0,,,NVDA,0.0307621183775297,0.0344827586206896,0.2413793103448276,0.0344827586206896,0.0862068965517241,0.1206896551724138,0.0517241379310344,0.0517241379310344,0.2241379310344827,0.5862068965517241,0.2068965517241379,0.3793103448275862,0.6299551724137931,0.1823293103448276,0.029251724137931,0.0614396551724137,0.0970275862068965,0.0936568965517241,0.7763172413793104,0.1300258620689655,0.0363689655172413,58.0,0.1447368421052631,0.2763157894736842,0.0526315789473684,0.2105263157894736,0.131578947368421,0.2105263157894736,0.1184210526315789,0.4342105263157895,0.618421052631579,0.3157894736842105,0.3026315789473684,0.4719671052631579,0.3500921052631578,0.0830355263157894,0.0277657894736842,0.0671355263157894,0.2293907894736842,0.6905855263157894,0.0800407894736842,-0.14935,76.0,0.0134453100019671,0.0120111041336905,-0.2378580118697416
2024-12-23,136.27999877929688,139.7899932861328,135.1199951171875,139.6699981689453,139.62423706054688,176053500.0,,,NVDA,0.0368967842582845,0.1260504201680672,0.2731092436974789,0.0840336134453781,0.1890756302521008,0.1092436974789916,0.2100840336134453,0.0756302521008403,0.2941176470588235,0.592436974789916,0.3991596638655462,0.1932773109243697,0.5864621848739496,0.2461932773109243,0.0562474789915966,0.0302735294117647,0.080822268907563,0.1720995798319327,0.7480710084033613,0.0798252100840336,-0.0922743697478991,238.0,0.0344827586206896,0.2413793103448276,0.0344827586206896,0.0862068965517241,0.1206896551724138,0.0517241379310344,0.0517241379310344,0.2241379310344827,0.5862068965517241,0.2068965517241379,0.3793103448275862,0.6299551724137931,0.1823293103448276,0.029251724137931,0.0614396551724137,0.0970275862068965,0.0936568965517241,0.7763172413793104,0.1300258620689655,0.0363689655172413,58.0,0.0302578811574063,0.0059882190178353,-0.0860566378639026
2024-12-24,140.0,141.89999389648438,138.64999389648438,140.22000122070312,140.174072265625,105157000.0,,,NVDA,0.0039379638997754,0.1363636363636363,0.2272727272727272,0.0303030303030303,0.1666666666666666,0.0757575757575757,0.1515151515151515,0.106060606060606,0.2121212121212121,0.4393939393939394,0.3333333333333333,0.106060606060606,0.6184257575757576,0.214610606060606,0.0348075757575757,0.0332318181818181,0.098930303030303,0.0937030303030303,0.8253378787878788,0.0809636363636363,-0.0127393939393939,66.0,0.1260504201680672,0.2731092436974789,0.0840336134453781,0.1890756302521008,0.1092436974789916,0.2100840336134453,0.0756302521008403,0.2941176470588235,0.592436974789916,0.3991596638655462,0.1932773109243697,0.5864621848739496,0.2461932773109243,0.0562474789915966,0.0302735294117647,0.080822268907563,0.1720995798319327,0.7480710084033613,0.0798252100840336,-0.0922743697478991,238.0,0.0103018339242995,0.0111150666055399,-0.149582844229526
2024-12-26,139.6999969482422,140.85000610351562,137.72999572753906,139.92999267578125,139.8841552734375,116205600.0,,,NVDA,-0.0020682640341511,0.1203007518796992,0.3007518796992481,0.0601503759398496,0.18796992481203,0.0977443609022556,0.1804511278195488,0.0902255639097744,0.3383458646616541,0.5939849624060151,0.2781954887218045,0.3157894736842105,0.5965932330827068,0.2520496240601503,0.0522646616541353,0.0290578947368421,0.0700368421052631,0.1386676691729323,0.7650120300751879,0.0963195488721804,-0.0423481203007518,133.0,0.1363636363636363,0.2272727272727272,0.0303030303030303,0.1666666666666666,0.0757575757575757,0.1515151515151515,0.106060606060606,0.2121212121212121,0.4393939393939394,0.3333333333333333,0.106060606060606,0.6184257575757576,0.214610606060606,0.0348075757575757,0.0332318181818181,0.098930303030303,0.0937030303030303,0.8253378787878788,0.0809636363636363,-0.0127393939393939,66.0,-0.0003130882438493,6.662663576362249e-05,0.032235393813347
2024-12-27,138.5500030517578,139.02000427246094,134.7100067138672,137.00999450683594,136.96511840820312,170582600.0,,,NVDA,-0.020867530418498,0.1538461538461538,0.3418803418803419,0.094017094017094,0.1623931623931624,0.1196581196581196,0.2307692307692307,0.1196581196581196,0.4615384615384615,0.6153846153846154,0.4273504273504273,0.188034188034188,0.6017521367521368,0.2192444444444444,0.0568230769230769,0.0285213675213675,0.0936649572649572,0.1685897435897436,0.7413094017094016,0.090108547008547,-0.0784811965811965,117.0,0.1203007518796992,0.3007518796992481,0.0601503759398496,0.18796992481203,0.0977443609022556,0.1804511278195488,0.0902255639097744,0.3383458646616541,0.5939849624060151,0.2781954887218045,0.3157894736842105,0.5965932330827068,0.2520496240601503,0.0522646616541353,0.0290578947368421,0.0700368421052631,0.1386676691729323,0.7650120300751879,0.0963195488721804,-0.0423481203007518,133.0,-0.0084552734127394,-0.0105265130601129,0.0828241890660361
2024-12-30,134.8300018310547,140.27000427246094,134.02000427246094,137.49000549316406,137.4449462890625,167734700.0,,,NVDA,0.0035032852629626,0.1041666666666666,0.3125,0.0791666666666666,0.2041666666666666,0.1416666666666666,0.1583333333333333,0.0916666666666666,0.3458333333333333,0.5375,0.2625,0.275,0.6377166666666666,0.2048558333333333,0.0370249999999999,0.0318349999999999,0.0885691666666666,0.1525054166666666,0.75818625,0.0893033333333333,-0.0632020833333333,240.0,0.1538461538461538,0.3418803418803419,0.094017094017094,0.1623931623931624,0.1196581196581196,0.2307692307692307,0.1196581196581196,0.4615384615384615,0.6153846153846154,0.4273504273504273,0.188034188034188,0.6017521367521368,0.2192444444444444,0.0568230769230769,0.0285213675213675,0.0936649572649572,0.1685897435897436,0.7413094017094016,0.090108547008547,-0.0784811965811965,117.0,-0.0196715823018264,-0.0114117126726851,0.0909090800379102
2024-12-31,138.02999877929688,138.07000732421875,133.8300018310547,134.2899932861328,134.2460174560547,155659200.0,,,NVDA,-0.0232742557611401,0.1392405063291139,0.3037974683544304,0.050632911392405,0.1772151898734177,0.0759493670886076,0.1265822784810126,0.0886075949367088,0.4430379746835443,0.6329113924050633,0.3544303797468354,0.2784810126582278,0.6453544303797468,0.1672468354430379,0.0425962025316455,0.0347759493670886,0.110032911392405,0.1347430379746835,0.754440506329114,0.1108126582278481,-0.0239303797468354,79.0,0.1041666666666666,0.3125,0.0791666666666666,0.2041666666666666,0.1416666666666666,0.1583333333333333,0.0916666666666666,0.3458333333333333,0.5375,0.2625,0.275,0.6377166666666666,0.2048558333333333,0.0370249999999999,0.0318349999999999,0.0885691666666666,0.1525054166666666,0.75818625,0.0893033333333333,-0.0632020833333333,240.0,-0.0082380877706566,-0.003637945713879,-0.0028735194342935
2025-01-02,136.0,138.8800048828125,134.6300048828125,138.30999755859375,138.26470947265625,198247200.0,,,NVDA,0.0299352792191178,0.2391304347826087,0.4347826086956521,0.0652173913043478,0.108695652173913,0.1521739130434782,0.1739130434782608,0.0434782608695652,0.6521739130434783,1.1521739130434785,0.4782608695652174,0.6739130434782609,0.7412739130434782,0.1292630434782608,0.0477847826086956,0.0245630434782608,0.0571239130434782,0.1027021739130434,0.7979173913043478,0.0993826086956521,-0.0033195652173913,46.0,0.1392405063291139,0.3037974683544304,0.050632911392405,0.1772151898734177,0.0759493670886076,0.1265822784810126,0.0886075949367088,0.4430379746835443,0.6329113924050633,0.3544303797468354,0.2784810126582278,0.6453544303797468,0.1672468354430379,0.0425962025316455,0.0347759493670886,0.110032911392405,0.1347430379746835,0.754440506329114,0.1108126582278481,-0.0239303797468354,79.0,0.0061719850289458,-0.0024570437313847,0.0334293896803317
2025-01-03,140.00999450683594,144.89999389648438,139.72999572753906,144.47000122070312,144.4226837158203,229322500.0,,,NVDA,0.0445375704809323,0.375,0.5,0.0625,0.0625,0.0625,0.125,0.0625,0.1875,0.5,0.5625,-0.0625,0.63325,0.26129375,0.0385875,0.02163125,0.0452625,0.15950625,0.76681875,0.07369375,-0.0858125,16.0,0.2391304347826087,0.4347826086956521,0.0652173913043478,0.108695652173913,0.1521739130434782,0.1739130434782608,0.0434782608695652,0.6521739130434783,1.1521739130434785,0.4782608695652174,0.6739130434782609,0.7412739130434782,0.1292630434782608,0.0477847826086956,0.0245630434782608,0.0571239130434782,0.1027021739130434,0.7979173913043478,0.0993826086956521,-0.0033195652173913,46.0,0.0260583491835526,0.0125033666861651,-0.1003904692566893
2025-01-06,148.58999633789062,152.16000366210938,147.82000732421875,149.42999267578125,149.3810577392578,265377400.0,,,NVDA,0.0343323769913739,0.1896551724137931,0.293103448275862,0.0344827586206896,0.1896551724137931,0.2413793103448276,0.1724137931034483,0.1206896551724138,0.4310344827586206,0.7068965517241379,0.3448275862068966,0.3620689655172414,0.612548275862069,0.2208293103448275,0.0341448275862069,0.0321137931034482,0.1003706896551724,0.1314844827586206,0.7614,0.1071172413793103,-0.0243672413793103,58.0,0.375,0.5,0.0625,0.0625,0.0625,0.125,0.0625,0.1875,0.5,0.5625,-0.0625,0.63325,0.26129375,0.0385875,0.02163125,0.0452625,0.15950625,0.76681875,0.07369375,-0.0858125,16.0,0.0289478007507637,0.0057605620852503,-0.0055795567217488
2025-01-07,153.02999877929688,153.1300048828125,140.00999450683594,140.13999938964844,140.09410095214844,351782200.0,,,NVDA,-0.0621695744270308,0.1632653061224489,0.2040816326530612,0.0816326530612244,0.1836734693877551,0.1020408163265306,0.1632653061224489,0.0612244897959183,0.4285714285714285,0.6530612244897959,0.4081632653061224,0.2448979591836734,0.5650163265306123,0.2317795918367347,0.0531204081632653,0.0367734693877551,0.1133061224489795,0.1320510204081632,0.7022387755102041,0.1657061224489796,0.0336551020408163,49.0,0.1896551724137931,0.293103448275862,0.0344827586206896,0.1896551724137931,0.2413793103448276,0.1724137931034483,0.1206896551724138,0.4310344827586206,0.7068965517241379,0.3448275862068966,0.3620689655172414,0.612548275862069,0.2208293103448275,0.0341448275862069,0.0321137931034482,0.1003706896551724,0.1314844827586206,0.7614,0.1071172413793103,-0.0243672413793103,58.0,-0.0136298258460026,-0.0113039125415851,0.1109724861408061
2025-01-08,142.5800018310547,143.9499969482422,137.55999755859375,140.11000061035156,140.06410217285156,227349900.0,,,NVDA,-0.0002141330655108,0.282051282051282,0.4102564102564102,0.1282051282051282,0.2564102564102564,0.1282051282051282,0.2307692307692307,0.0769230769230769,0.4615384615384615,0.7692307692307693,0.6153846153846154,0.1538461538461538,0.525,0.3141333333333334,0.0301230769230769,0.040651282051282,0.0901102564102564,0.1822794871794872,0.6644076923076923,0.1533179487179487,-0.0289615384615384,39.0,0.1632653061224489,0.2040816326530612,0.0816326530612244,0.1836734693877551,0.1020408163265306,0.1632653061224489,0.0612244897959183,0.4285714285714285,0.6530612244897959,0.4081632653061224,0.2448979591836734,0.5650163265306123,0.2317795918367347,0.0531204081632653,0.0367734693877551,0.1133061224489795,0.1320510204081632,0.7022387755102041,0.1657061224489796,0.0336551020408163,49.0,-0.009965027440888,0.0014608337808474,-0.0067339469102022
2025-01-10,137.4499969482422,139.9199981689453,134.22000122070312,135.91000366210938,135.86549377441406,207602500.0,,,NVDA,-0.0299763346446617,0.1351351351351351,0.3513513513513513,0.0405405405405405,0.054054054054054,0.2027027027027027,0.1351351351351351,0.1216216216216216,0.5540540540540541,0.9864864864864864,0.2837837837837837,0.7027027027027027,0.6781027027027027,0.1725162162162162,0.0295094594594594,0.0372054054054054,0.0826716216216216,0.0595324324324324,0.7572932432432433,0.1831594594594594,0.123627027027027,74.0,0.282051282051282,0.4102564102564102,0.1282051282051282,0.2564102564102564,0.1282051282051282,0.2307692307692307,0.0769230769230769,0.4615384615384615,0.7692307692307693,0.6153846153846154,0.1538461538461538,0.525,0.3141333333333334,0.0301230769230769,0.040651282051282,0.0901102564102564,0.1822794871794872,0.6644076923076923,0.1533179487179487,-0.0289615384615384,39.0,-0.0238883810739382,-0.0152672733968606,0.1039548063998117
2025-01-13,129.99000549316406,133.49000549316406,129.50999450683594,133.22999572753906,133.18637084960938,204808900.0,,,NVDA,-0.019718935620644,0.2051282051282051,0.3846153846153846,0.1282051282051282,0.2051282051282051,0.2051282051282051,0.1538461538461538,0.0512820512820512,0.358974358974359,0.7948717948717948,0.4358974358974359,0.358974358974359,0.6325794871794872,0.1658333333333333,0.0597153846153846,0.0345794871794871,0.1072974358974358,0.1211589743589743,0.7381051282051282,0.1407358974358974,0.019576923076923,39.0,0.1351351351351351,0.3513513513513513,0.0405405405405405,0.054054054054054,0.2027027027027027,0.1351351351351351,0.1216216216216216,0.5540540540540541,0.9864864864864864,0.2837837837837837,0.7027027027027027,0.6781027027027027,0.1725162162162162,0.0295094594594594,0.0372054054054054,0.0826716216216216,0.0595324324324324,0.7572932432432433,0.1831594594594594,0.123627027027027,74.0,-0.003070602506119,0.0015504403527941,-0.0179119941182602
2025-01-14,136.0500030517578,136.3800048828125,130.0500030517578,131.75999450683594,131.71682739257812,195590500.0,,,NVDA,-0.0110337375187632,0.24,0.32,0.16,0.28,0.44,0.28,0.12,0.96,1.08,0.52,0.56,0.314076,0.413256,0.0832799999999999,0.050764,0.138612,0.216416,0.6293120000000001,0.154264,-0.0621519999999999,25.0,0.2051282051282051,0.3846153846153846,0.1282051282051282,0.2051282051282051,0.2051282051282051,0.1538461538461538,0.0512820512820512,0.358974358974359,0.7948717948717948,0.4358974358974359,0.358974358974359,0.6325794871794872,0.1658333333333333,0.0597153846153846,0.0345794871794871,0.1072974358974358,0.1211589743589743,0.7381051282051282,0.1407358974358974,0.019576923076923,39.0,0.0065739050801447,0.0013759292368293,-0.0250131024609965
2025-01-15,133.64999389648438,136.4499969482422,131.2899932861328,136.24000549316406,136.1953887939453,185217300.0,,,NVDA,0.0340014369463892,0.2,0.4666666666666667,0.1666666666666666,0.2666666666666666,0.1333333333333333,0.1,0.1333333333333333,0.5666666666666667,1.3666666666666667,0.6666666666666666,0.7,0.69009,0.1049,0.03387,0.03463,0.1364899999999999,0.1740133333333333,0.6048133333333333,0.2211766666666666,0.0471633333333333,30.0,0.24,0.32,0.16,0.28,0.44,0.28,0.12,0.96,1.08,0.52,0.56,0.314076,0.413256,0.0832799999999999,0.050764,0.138612,0.216416,0.6293120000000001,0.154264,-0.0621519999999999,25.0,0.0194099135175105,0.0181900850970144,-0.1384285607682731
2025-01-16,138.63999938964844,138.75,133.49000549316406,133.57000732421875,133.5262451171875,209235600.0,,,NVDA,-0.0195979004898326,0.0,0.1333333333333333,0.0666666666666666,0.0666666666666666,0.0,0.0666666666666666,0.1333333333333333,0.1333333333333333,0.4666666666666667,0.0,0.4666666666666667,0.51112,0.3625933333333334,0.0494466666666666,0.0214,0.0554333333333333,0.1492133333333333,0.7552666666666668,0.0955333333333333,-0.05368,15.0,0.2,0.4666666666666667,0.1666666666666666,0.2666666666666666,0.1333333333333333,0.1,0.1333333333333333,0.5666666666666667,1.3666666666666667,0.6666666666666666,0.7,0.69009,0.1049,0.03387,0.03463,0.1364899999999999,0.1740133333333333,0.6048133333333333,0.2211766666666666,0.0471633333333333,30.0,0.0014784187848875,-0.0019232784062486,0.0297766449904945
2025-01-17,136.69000244140625,138.5,135.4600067138672,137.7100067138672,137.66490173339844,201188800.0,,,NVDA,0.0309950797506415,0.1318681318681318,0.1868131868131868,0.0659340659340659,0.1648351648351648,0.1208791208791208,0.1978021978021978,0.0439560439560439,0.3736263736263736,0.5054945054945055,0.3296703296703296,0.1758241758241758,0.5399648351648352,0.3042967032967033,0.0506021978021978,0.0338373626373626,0.0712978021978022,0.1303373626373626,0.7499835164835164,0.119687912087912,-0.0106494505494505,91.0,0.0,0.1333333333333333,0.0666666666666666,0.0666666666666666,0.0,0.0666666666666666,0.1333333333333333,0.1333333333333333,0.4666666666666667,0.0,0.4666666666666667,0.51112,0.3625933333333334,0.0494466666666666,0.0214,0.0554333333333333,0.1492133333333333,0.7552666666666668,0.0955333333333333,-0.05368,15.0,0.0277355923375757,0.01003995363599,-0.0379518132508102
2025-01-21,139.16000366210938,141.8300018310547,137.08999633789062,140.8300018310547,140.78387451171875,197749000.0,,,NVDA,0.0226562670589813,0.1621621621621621,0.4092664092664093,0.0772200772200772,0.1698841698841698,0.1698841698841698,0.1853281853281853,0.1505791505791505,0.3861003861003861,0.6061776061776062,0.3706563706563706,0.2355212355212355,0.5613297297297297,0.2546189189189189,0.0554200772200772,0.0310471042471042,0.0975833976833976,0.1471042471042471,0.7433640926640926,0.1095339768339768,-0.0375702702702702,259.0,0.1318681318681318,0.1868131868131868,0.0659340659340659,0.1648351648351648,0.1208791208791208,0.1978021978021978,0.0439560439560439,0.3736263736263736,0.5054945054945055,0.3296703296703296,0.1758241758241758,0.5399648351648352,0.3042967032967033,0.0506021978021978,0.0338373626373626,0.0712978021978022,0.1303373626373626,0.7499835164835164,0.119687912087912,-0.0106494505494505,91.0,0.0117958295095448,0.0091534807380355,-0.0569818304443531
2025-01-22,144.66000366210938,147.7899932861328,143.6699981689453,147.07000732421875,147.02183532714844,237651400.0,,,NVDA,0.0443087735514087,0.0909090909090909,0.3636363636363636,0.0303030303030303,0.0909090909090909,0.0606060606060606,0.0909090909090909,0.0303030303030303,0.2121212121212121,0.4848484848484848,0.3939393939393939,0.0909090909090909,0.626890909090909,0.2223,0.0576696969696969,0.0277939393939393,0.0653424242424242,0.1135242424242424,0.8150454545454545,0.0714333333333333,-0.042090909090909,33.0,0.1621621621621621,0.4092664092664093,0.0772200772200772,0.1698841698841698,0.1698841698841698,0.1853281853281853,0.1505791505791505,0.3861003861003861,0.6061776061776062,0.3706563706563706,0.2355212355212355,0.5613297297297297,0.2546189189189189,0.0554200772200772,0.0310471042471042,0.0975833976833976,0.1471042471042471,0.7433640926640926,0.1095339768339768,-0.0375702702702702,259.0,0.0144547487068225,0.005621468036089,0.0026560398896751
2025-01-23,145.0500030517578,147.22999572753906,143.72000122070312,147.22000122070312,147.17178344726562,155915500.0,,,NVDA,0.0010199037427571,0.1408450704225352,0.6126760563380281,0.1056338028169014,0.2323943661971831,0.2957746478873239,0.1478873239436619,0.1338028169014084,0.6126760563380281,1.1690140845070425,0.3380281690140845,0.8309859154929577,0.5412359154929578,0.2273964788732394,0.0417499999999999,0.0601450704225352,0.1294781690140845,0.0844478873239436,0.5682816901408451,0.3472718309859155,0.2628239436619718,142.0,0.0909090909090909,0.3636363636363636,0.0303030303030303,0.0909090909090909,0.0606060606060606,0.0909090909090909,0.0303030303030303,0.2121212121212121,0.4848484848484848,0.3939393939393939,0.0909090909090909,0.626890909090909,0.2223,0.0576696969696969,0.0277939393939393,0.0653424242424242,0.1135242424242424,0.8150454545454545,0.0714333333333333,-0.042090909090909,33.0,-0.0018659621432097,0.0054581241414886,-0.0052980080586109
2025-01-24,148.3699951171875,148.97000122070312,141.8800048828125,142.6199951171875,142.5732879638672,234657600.0,,,NVDA,-0.0312457685548546,0.196078431372549,0.4215686274509804,0.0294117647058823,0.1274509803921568,0.1764705882352941,0.1568627450980392,0.0980392156862745,0.4215686274509804,0.6666666666666666,0.3431372549019608,0.3235294117647059,0.5515411764705882,0.281828431372549,0.0299990196078431,0.0277264705882352,0.1088950980392157,0.1353235294117647,0.7407509803921569,0.1239205882352941,-0.0114029411764705,102.0,0.1408450704225352,0.6126760563380281,0.1056338028169014,0.2323943661971831,0.2957746478873239,0.1478873239436619,0.1338028169014084,0.6126760563380281,1.1690140845070425,0.3380281690140845,0.8309859154929577,0.5412359154929578,0.2273964788732394,0.0417499999999999,0.0601450704225352,0.1294781690140845,0.0844478873239436,0.5682816901408451,0.3472718309859155,0.2628239436619718,142.0,-0.0200959555862938,-0.0029192782547332,-0.0113182470780867
2025-01-27,124.8000030517578,128.39999389648438,116.6999969482422,118.41999816894533,118.38121032714844,818830900.0,,,NVDA,-0.1696816983196026,0.1666666666666666,0.3424657534246575,0.0958904109589041,0.2168949771689497,0.1438356164383561,0.1894977168949771,0.1027397260273972,0.4726027397260274,0.7831050228310502,0.408675799086758,0.3744292237442922,0.6137205479452055,0.2097134703196347,0.056769406392694,0.0390415525114155,0.0807593607305936,0.1668303652968036,0.7120189497716896,0.1211515981735159,-0.0456787671232876,438.0,0.196078431372549,0.4215686274509804,0.0294117647058823,0.1274509803921568,0.1764705882352941,0.1568627450980392,0.0980392156862745,0.4215686274509804,0.6666666666666666,0.3431372549019608,0.3235294117647059,0.5515411764705882,0.281828431372549,0.0299990196078431,0.0277264705882352,0.1088950980392157,0.1353235294117647,0.7407509803921569,0.1239205882352941,-0.0114029411764705,102.0,-0.078433827437233,-0.014145469544892,0.2053871487347855
2025-01-28,121.80999755859376,129.0,116.25,128.99000549316406,128.94775390625,579666400.0,,,NVDA,0.0892586209407788,0.1607142857142857,0.3214285714285714,0.0803571428571428,0.1160714285714285,0.125,0.1160714285714285,0.1339285714285714,0.4375,0.5982142857142857,0.3392857142857143,0.2589285714285714,0.5817857142857142,0.2278642857142857,0.04208125,0.0409785714285714,0.1072946428571428,0.1472714285714285,0.7373857142857142,0.1153428571428571,-0.0319285714285714,112.0,0.1666666666666666,0.3424657534246575,0.0958904109589041,0.2168949771689497,0.1438356164383561,0.1894977168949771,0.1027397260273972,0.4726027397260274,0.7831050228310502,0.408675799086758,0.3744292237442922,0.6137205479452055,0.2097134703196347,0.056769406392694,0.0390415525114155,0.0807593607305936,0.1668303652968036,0.7120189497716896,0.1211515981735159,-0.0456787671232876,438.0,0.0044694677279457,0.0085923454765259,-0.0832402124509377
2025-01-29,126.5,126.88999938964844,120.0500030517578,123.6999969482422,123.65947723388672,467120600.0,,,NVDA,-0.0410110026127951,0.1148148148148148,0.4407407407407407,0.0629629629629629,0.1703703703703703,0.1703703703703703,0.1185185185185185,0.1222222222222222,0.5222222222222223,0.8037037037037037,0.3111111111111111,0.4925925925925926,0.5991225925925926,0.2136155555555555,0.0414585185185185,0.045777037037037,0.1000288888888888,0.1384903703703703,0.6402322222222222,0.2212785185185185,0.0827881481481481,270.0,0.1607142857142857,0.3214285714285714,0.0803571428571428,0.1160714285714285,0.125,0.1160714285714285,0.1339285714285714,0.4375,0.5982142857142857,0.3392857142857143,0.2589285714285714,0.5817857142857142,0.2278642857142857,0.04208125,0.0409785714285714,0.1072946428571428,0.1472714285714285,0.7373857142857142,0.1153428571428571,-0.0319285714285714,112.0,0.004121681017279,-0.0044829200704344,0.0091407446633176
2025-01-30,123.0999984741211,125.0,118.0999984741211,124.6500015258789,124.6091766357422,392925500.0,,,NVDA,0.0076799564667351,0.1205673758865248,0.4078014184397163,0.1063829787234042,0.2411347517730496,0.1170212765957446,0.226950354609929,0.1347517730496454,0.4645390070921986,1.0212765957446808,0.425531914893617,0.5957446808510638,0.6049567375886525,0.2096691489361702,0.0579943262411347,0.0425255319148936,0.0848631205673758,0.1767241134751773,0.6546641843971631,0.1686120567375886,-0.0081120567375886,282.0,0.1148148148148148,0.4407407407407407,0.0629629629629629,0.1703703703703703,0.1703703703703703,0.1185185185185185,0.1222222222222222,0.5222222222222223,0.8037037037037037,0.3111111111111111,0.4925925925925926,0.5991225925925926,0.2136155555555555,0.0414585185185185,0.045777037037037,0.1000288888888888,0.1384903703703703,0.6402322222222222,0.2212785185185185,0.0827881481481481,270.0,0.0203377637647537,0.0053671818498628,-0.0434782208076308
2025-01-31,123.77999877929688,127.8499984741211,119.19000244140624,120.06999969482422,120.03067016601562,388161100.0,,,NVDA,-0.0367429317273355,0.1071428571428571,0.3441558441558441,0.0909090909090909,0.1688311688311688,0.1396103896103896,0.1493506493506493,0.1006493506493506,0.3214285714285714,0.6136363636363636,0.3409090909090909,0.2727272727272727,0.5959064935064935,0.2434821428571428,0.0493331168831168,0.0374201298701298,0.0738564935064935,0.1913068181818182,0.7106363636363636,0.0980532467532467,-0.0932535714285714,308.0,0.1205673758865248,0.4078014184397163,0.1063829787234042,0.2411347517730496,0.1170212765957446,0.226950354609929,0.1347517730496454,0.4645390070921986,1.0212765957446808,0.425531914893617,0.5957446808510638,0.6049567375886525,0.2096691489361702,0.0579943262411347,0.0425255319148936,0.0848631205673758,0.1767241134751773,0.6546641843971631,0.1686120567375886,-0.0081120567375886,282.0,-0.002788668132606,-0.0053219497113515,0.0372474840217409
2025-02-03,114.75,118.56999969482422,113.01000213623048,116.66000366210938,116.62179565429688,371235700.0,,,NVDA,-0.0284000289842912,0.2295081967213114,0.3825136612021858,0.0765027322404371,0.2896174863387978,0.1475409836065573,0.3387978142076502,0.0983606557377049,0.4754098360655737,0.7923497267759563,0.6721311475409836,0.1202185792349726,0.554775956284153,0.2514683060109289,0.0638469945355191,0.0436464480874317,0.0862661202185792,0.1709497267759562,0.7309180327868853,0.0981327868852459,-0.0728169398907103,183.0,0.1071428571428571,0.3441558441558441,0.0909090909090909,0.1688311688311688,0.1396103896103896,0.1493506493506493,0.1006493506493506,0.3214285714285714,0.6136363636363636,0.3409090909090909,0.2727272727272727,0.5959064935064935,0.2434821428571428,0.0493331168831168,0.0374201298701298,0.0738564935064935,0.1913068181818182,0.7106363636363636,0.0980532467532467,-0.0932535714285714,308.0,-0.0180168095327986,-0.0067294432511055,0.1332927871807601
2025-02-04,116.95999908447266,121.1999969482422,116.6999969482422,118.6500015258789,118.6111297607422,256550000.0,,,NVDA,0.0170579958513272,0.25,0.3333333333333333,0.0833333333333333,0.0833333333333333,0.1666666666666666,0.25,0.1666666666666666,0.3333333333333333,0.8333333333333334,0.5,0.3333333333333333,0.5371833333333333,0.1910666666666667,0.08345,0.0578333333333333,0.1304833333333333,0.1800833333333333,0.6327416666666666,0.1871666666666666,0.0070833333333333,12.0,0.2295081967213114,0.3825136612021858,0.0765027322404371,0.2896174863387978,0.1475409836065573,0.3387978142076502,0.0983606557377049,0.4754098360655737,0.7923497267759563,0.6721311475409836,0.1202185792349726,0.554775956284153,0.2514683060109289,0.0638469945355191,0.0436464480874317,0.0862661202185792,0.1709497267759562,0.7309180327868853,0.0981327868852459,-0.0728169398907103,183.0,0.0102707804726465,0.0067082225654828,-0.0757251176804346
2025-02-05,121.76000213623048,125.0,120.76000213623048,124.83000183105467,124.78912353515624,262230800.0,,,NVDA,0.0520861219927342,0.4285714285714285,0.5,0.0714285714285714,0.1428571428571428,0.2857142857142857,0.0714285714285714,0.2142857142857142,0.5,0.5,0.5714285714285714,-0.0714285714285714,0.6329642857142856,0.17565,0.0648071428571428,0.0268857142857142,0.0997,0.0298142857142857,0.8722428571428571,0.0979285714285714,0.0681142857142857,14.0,0.25,0.3333333333333333,0.0833333333333333,0.0833333333333333,0.1666666666666666,0.25,0.1666666666666666,0.3333333333333333,0.8333333333333334,0.5,0.3333333333333333,0.5371833333333333,0.1910666666666667,0.08345,0.0578333333333333,0.1304833333333333,0.1800833333333333,0.6327416666666666,0.1871666666666666,0.0070833333333333,12.0,0.019362354305398,0.0040546030162418,-0.0836722082111085
2025-02-06,127.41999816894533,128.77000427246094,125.20999908447266,128.67999267578125,128.6378631591797,251483600.0,,,NVDA,0.0308419477194192,0.2127659574468085,0.3617021276595745,0.0,0.1702127659574468,0.0851063829787234,0.1914893617021276,0.0851063829787234,0.5531914893617021,0.723404255319149,0.4893617021276595,0.2340425531914893,0.5393531914893617,0.2492723404255319,0.1156297872340425,0.0270170212765957,0.0687382978723404,0.2224042553191489,0.6851127659574467,0.0924744680851063,-0.1299297872340425,47.0,0.4285714285714285,0.5,0.0714285714285714,0.1428571428571428,0.2857142857142857,0.0714285714285714,0.2142857142857142,0.5,0.5,0.5714285714285714,-0.0714285714285714,0.6329642857142856,0.17565,0.0648071428571428,0.0268857142857142,0.0997,0.0298142857142857,0.8722428571428571,0.0979285714285714,0.0681142857142857,14.0,-0.0013146792607098,0.0034756136740878,-0.0171211445736356
2025-02-07,129.22000122070312,130.3699951171875,125.0,129.83999633789062,129.79747009277344,228186300.0,,,NVDA,0.0090145071218947,0.2650602409638554,0.3493975903614458,0.0963855421686747,0.4216867469879518,0.1927710843373494,0.253012048192771,0.180722891566265,0.4578313253012048,0.8795180722891566,0.8674698795180723,0.0120481927710843,0.6779819277108434,0.1433951807228915,0.0376879518072289,0.0528421686746988,0.0880867469879518,0.2282795180722891,0.5785433734939759,0.1931807228915662,-0.0350987951807228,83.0,0.2127659574468085,0.3617021276595745,0.0,0.1702127659574468,0.0851063829787234,0.1914893617021276,0.0851063829787234,0.5531914893617021,0.723404255319149,0.4893617021276595,0.2340425531914893,0.5393531914893617,0.2492723404255319,0.1156297872340425,0.0270170212765957,0.0687382978723404,0.2224042553191489,0.6851127659574467,0.0924744680851063,-0.1299297872340425,47.0,-0.0155695955862543,-0.0091536845132468,0.0670968332598287
2025-02-10,130.08999633789062,135.0,129.9600067138672,133.57000732421875,133.5262451171875,216989100.0,,,NVDA,0.0287276402363536,0.1384615384615384,0.3076923076923077,0.0,0.1076923076923077,0.2,0.1076923076923077,0.0923076923076923,0.4307692307692308,0.7230769230769231,0.2769230769230769,0.4461538461538462,0.6850476923076924,0.1642,0.0349753846153846,0.0432907692307692,0.0724815384615384,0.1129307692307692,0.7422615384615384,0.1448015384615384,0.0318707692307692,65.0,0.2650602409638554,0.3493975903614458,0.0963855421686747,0.4216867469879518,0.1927710843373494,0.253012048192771,0.180722891566265,0.4578313253012048,0.8795180722891566,0.8674698795180723,0.0120481927710843,0.6779819277108434,0.1433951807228915,0.0376879518072289,0.0528421686746988,0.0880867469879518,0.2282795180722891,0.5785433734939759,0.1931807228915662,-0.0350987951807228,83.0,0.0130491418749254,0.0067912958944049,-0.0441354568019
2025-02-11,132.5800018310547,134.47999572753906,131.02000427246094,132.8000030517578,132.75650024414062,178902400.0,,,NVDA,-0.00576474589225,0.3,0.4333333333333333,0.1,0.3333333333333333,0.0333333333333333,0.2,0.1333333333333333,0.2666666666666666,0.5,0.5,0.0,0.49899,0.2632166666666666,0.09358,0.0464166666666666,0.09777,0.14218,0.7316699999999999,0.1261533333333333,-0.0160266666666666,30.0,0.1384615384615384,0.3076923076923077,0.0,0.1076923076923077,0.2,0.1076923076923077,0.0923076923076923,0.4307692307692308,0.7230769230769231,0.2769230769230769,0.4461538461538462,0.6850476923076924,0.1642,0.0349753846153846,0.0432907692307692,0.0724815384615384,0.1129307692307692,0.7422615384615384,0.1448015384615384,0.0318707692307692,65.0,0.0009103773145842,0.0007604295710461,0.0132827345081161
2025-02-12,130.02000427246094,132.24000549316406,129.0800018310547,131.13999938964844,131.0970458984375,160278600.0,,,NVDA,-0.0124999856327289,0.3636363636363636,0.4090909090909091,0.0454545454545454,0.1363636363636363,0.0,0.0454545454545454,0.0,0.1818181818181818,0.9090909090909092,0.4090909090909091,0.5,0.7412136363636364,0.1497454545454545,0.0312636363636363,0.0353363636363636,0.0424318181818181,0.1586318181818181,0.7365590909090909,0.1048136363636363,-0.0538181818181818,22.0,0.3,0.4333333333333333,0.1,0.3333333333333333,0.0333333333333333,0.2,0.1333333333333333,0.2666666666666666,0.5,0.5,0.0,0.49899,0.2632166666666666,0.09358,0.0464166666666666,0.09777,0.14218,0.7316699999999999,0.1261533333333333,-0.0160266666666666,30.0,0.0010913472621818,-0.0032214932069069,-0.0081148633412128
2025-02-13,131.55999755859375,136.5,131.1699981689453,135.2899932861328,135.24566650390625,197430000.0,,,NVDA,0.0316454163939188,0.1081081081081081,0.6486486486486487,0.1081081081081081,0.2432432432432432,0.1891891891891892,0.1351351351351351,0.2972972972972973,0.5675675675675675,0.8918918918918919,0.3513513513513513,0.5405405405405406,0.6258675675675676,0.1827297297297297,0.0514054054054054,0.0624189189189189,0.0775864864864864,0.1523054054054054,0.7223540540540541,0.1253459459459459,-0.0269594594594594,37.0,0.3636363636363636,0.4090909090909091,0.0454545454545454,0.1363636363636363,0.0,0.0454545454545454,0.0,0.1818181818181818,0.9090909090909092,0.4090909090909091,0.5,0.7412136363636364,0.1497454545454545,0.0312636363636363,0.0353363636363636,0.0424318181818181,0.1586318181818181,0.7365590909090909,0.1048136363636363,-0.0538181818181818,22.0,0.0122649007344104,0.0105575692529396,-0.0497167995458853
2025-02-14,136.47999572753906,139.25,135.5,138.85000610351562,138.8045196533203,195479600.0,,,NVDA,0.0263139902476008,0.1666666666666666,0.3333333333333333,0.0555555555555555,0.0555555555555555,0.0555555555555555,0.0,0.1111111111111111,0.2222222222222222,0.3333333333333333,0.1666666666666666,0.1666666666666666,0.6678333333333333,0.2059166666666666,0.0353055555555555,0.0285277777777777,0.0624,0.1530222222222222,0.7493055555555556,0.0976722222222222,-0.0553499999999999,18.0,0.1081081081081081,0.6486486486486487,0.1081081081081081,0.2432432432432432,0.1891891891891892,0.1351351351351351,0.2972972972972973,0.5675675675675675,0.8918918918918919,0.3513513513513513,0.5405405405405406,0.6258675675675676,0.1827297297297297,0.0514054054054054,0.0624189189189189,0.0775864864864864,0.1523054054054054,0.7223540540540541,0.1253459459459459,-0.0269594594594594,37.0,0.001032236981739,-4.9152160770615794e-05,-0.0218542990310796
2025-02-18,141.27000427246094,143.44000244140625,137.92999267578125,139.39999389648438,139.35433959960938,219176600.0,,,NVDA,0.0039611098230971,0.2345679012345679,0.4135802469135802,0.0987654320987654,0.1975308641975308,0.1851851851851851,0.2530864197530864,0.1666666666666666,0.3888888888888889,0.5925925925925926,0.4567901234567901,0.1358024691358024,0.6194333333333334,0.2022555555555555,0.0501765432098765,0.0320117283950617,0.0961246913580246,0.1386722222222222,0.7354753086419753,0.1258574074074074,-0.0128148148148148,162.0,0.1666666666666666,0.3333333333333333,0.0555555555555555,0.0555555555555555,0.0555555555555555,0.0,0.1111111111111111,0.2222222222222222,0.3333333333333333,0.1666666666666666,0.1666666666666666,0.6678333333333333,0.2059166666666666,0.0353055555555555,0.0285277777777777,0.0624,0.1530222222222222,0.7493055555555556,0.0976722222222222,-0.0553499999999999,18.0,0.0165419104098525,0.0029357672567349,0.0392687817014376
2025-02-19,139.50999450683594,141.36000061035156,137.22000122070312,139.22999572753906,139.18438720703125,167536000.0,,,NVDA,-0.0012195701480587,0.1282051282051282,0.4358974358974359,0.0897435897435897,0.2435897435897435,0.173076923076923,0.1794871794871795,0.0961538461538461,0.5897435897435898,0.9807692307692308,0.3525641025641026,0.6282051282051282,0.5680538461538461,0.2176102564102564,0.0419179487179487,0.0431160256410256,0.1293025641025641,0.1156814102564102,0.5965076923076923,0.2878179487179487,0.1721365384615384,156.0,0.2345679012345679,0.4135802469135802,0.0987654320987654,0.1975308641975308,0.1851851851851851,0.2530864197530864,0.1666666666666666,0.3888888888888889,0.5925925925925926,0.4567901234567901,0.1358024691358024,0.6194333333333334,0.2022555555555555,0.0501765432098765,0.0320117283950617,0.0961246913580246,0.1386722222222222,0.7354753086419753,0.1258574074074074,-0.0128148148148148,162.0,0.0166254603586095,0.0023549435384666,-0.0052117212845563
2025-02-20,140.02999877929688,140.66000366210938,136.7899932861328,140.11000061035156,140.06410217285156,143903600.0,,,NVDA,0.006320500333933,0.1333333333333333,0.4,0.1083333333333333,0.1333333333333333,0.1833333333333333,0.1416666666666666,0.1333333333333333,0.3583333333333333,0.775,0.3583333333333333,0.4166666666666667,0.5698616666666666,0.2250266666666666,0.052855,0.0491383333333333,0.1031191666666666,0.1180208333333333,0.6823058333333333,0.199675,0.0816541666666666,120.0,0.1282051282051282,0.4358974358974359,0.0897435897435897,0.2435897435897435,0.173076923076923,0.1794871794871795,0.0961538461538461,0.5897435897435898,0.9807692307692308,0.3525641025641026,0.6282051282051282,0.5680538461538461,0.2176102564102564,0.0419179487179487,0.0431160256410256,0.1293025641025641,0.1156814102564102,0.5965076923076923,0.2878179487179487,0.1721365384615384,156.0,0.0023425041002658,-0.0041602634378903,0.0255402343128385
2025-02-21,140.0399932861328,141.4600067138672,134.02999877929688,134.42999267578125,134.38595581054688,228217600.0,,,NVDA,-0.0405396263155091,0.2073170731707317,0.4024390243902439,0.0792682926829268,0.3048780487804878,0.1341463414634146,0.2865853658536585,0.2012195121951219,0.4390243902439024,0.8292682926829268,0.4634146341463415,0.3658536585365853,0.5999451219512195,0.223680487804878,0.0681030487804878,0.0374012195121951,0.070870731707317,0.2215390243902439,0.6712762195121951,0.1071914634146341,-0.1143475609756097,164.0,0.1333333333333333,0.4,0.1083333333333333,0.1333333333333333,0.1833333333333333,0.1416666666666666,0.1333333333333333,0.3583333333333333,0.775,0.3583333333333333,0.4166666666666667,0.5698616666666666,0.2250266666666666,0.052855,0.0491383333333333,0.1031191666666666,0.1180208333333333,0.6823058333333333,0.199675,0.0816541666666666,120.0,-0.0306834199591151,-0.0171040827814761,0.1628352019097845
2025-02-24,136.55999755859375,138.58999633789062,130.0800018310547,130.27999877929688,130.23733520507812,251381100.0,,,NVDA,-0.0308709387111651,0.1409523809523809,0.3257142857142857,0.0857142857142857,0.2076190476190476,0.1371428571428571,0.1961904761904762,0.1161904761904761,0.3276190476190476,0.5885714285714285,0.3771428571428571,0.2114285714285714,0.5711540952380952,0.2525512380952381,0.0530889523809523,0.0329165714285714,0.0902881904761904,0.1858965714285714,0.709076761904762,0.1050283809523809,-0.0808681904761904,525.0,0.2073170731707317,0.4024390243902439,0.0792682926829268,0.3048780487804878,0.1341463414634146,0.2865853658536585,0.2012195121951219,0.4390243902439024,0.8292682926829268,0.4634146341463415,0.3658536585365853,0.5999451219512195,0.223680487804878,0.0681030487804878,0.0374012195121951,0.070870731707317,0.2215390243902439,0.6712762195121951,0.1071914634146341,-0.1143475609756097,164.0,-0.0234842062563727,-0.0045502735716906,0.042284486352349
2025-02-25,129.97999572753906,130.1999969482422,124.44000244140624,126.62999725341795,126.5885238647461,271428700.0,,,NVDA,-0.0280166308269931,0.1336898395721925,0.3796791443850267,0.1122994652406417,0.2085561497326203,0.1443850267379679,0.1550802139037433,0.1176470588235294,0.4010695187165775,0.6310160427807486,0.3796791443850267,0.2513368983957219,0.5787133689839573,0.2467641711229946,0.0623192513368984,0.0394561497326203,0.0727470588235294,0.1873577540106951,0.7002978609625669,0.1123379679144385,-0.0750197860962566,187.0,0.1409523809523809,0.3257142857142857,0.0857142857142857,0.2076190476190476,0.1371428571428571,0.1961904761904762,0.1161904761904761,0.3276190476190476,0.5885714285714285,0.3771428571428571,0.2114285714285714,0.5711540952380952,0.2525512380952381,0.0530889523809523,0.0329165714285714,0.0902881904761904,0.1858965714285714,0.709076761904762,0.1050283809523809,-0.0808681904761904,525.0,-0.0206199068868654,-0.004973259631297,0.0237092083136283
2025-02-26,129.99000549316406,133.72999572753906,128.49000549316406,131.27999877929688,131.23699951171875,322553800.0,,,NVDA,0.0367211458436733,0.1402439024390244,0.298780487804878,0.073170731707317,0.1646341463414634,0.1463414634146341,0.1890243902439024,0.1280487804878048,0.4695121951219512,0.8292682926829268,0.3170731707317073,0.5121951219512195,0.6888396341463415,0.1588725609756097,0.041225,0.0463817073170731,0.0646908536585365,0.1514676829268292,0.5930286585365854,0.2555012195121951,0.1040335365853658,164.0,0.1336898395721925,0.3796791443850267,0.1122994652406417,0.2085561497326203,0.1443850267379679,0.1550802139037433,0.1176470588235294,0.4010695187165775,0.6310160427807486,0.3796791443850267,0.2513368983957219,0.5787133689839573,0.2467641711229946,0.0623192513368984,0.0394561497326203,0.0727470588235294,0.1873577540106951,0.7002978609625669,0.1123379679144385,-0.0750197860962566,187.0,0.0174127308764557,0.0005047507949251,-0.0169840410974233
2025-02-27,135.0,135.00999450683594,120.01000213623048,120.1500015258789,120.11064910888672,443175800.0,,,NVDA,-0.0847805911764884,0.1363636363636363,0.404040404040404,0.0858585858585858,0.2222222222222222,0.1565656565656565,0.1868686868686868,0.1616161616161616,0.4696969696969697,0.696969696969697,0.3888888888888889,0.308080808080808,0.5546646464646464,0.254439898989899,0.0552464646464646,0.0447121212121212,0.0909444444444444,0.2075540404040404,0.6773227272727274,0.1151323232323232,-0.0924217171717171,198.0,0.1402439024390244,0.298780487804878,0.073170731707317,0.1646341463414634,0.1463414634146341,0.1890243902439024,0.1280487804878048,0.4695121951219512,0.8292682926829268,0.3170731707317073,0.5121951219512195,0.6888396341463415,0.1588725609756097,0.041225,0.0463817073170731,0.0646908536585365,0.1514676829268292,0.5930286585365854,0.2555012195121951,0.1040335365853658,164.0,-0.058227048640843,-0.0159620332277994,0.1062826564792283
2025-02-28,118.0199966430664,125.08999633789062,116.4000015258789,124.91999816894533,124.87907409667967,389091100.0,,,NVDA,0.0397002682374159,0.1761006289308176,0.2578616352201258,0.10062893081761,0.2138364779874214,0.1132075471698113,0.1635220125786163,0.0880503144654088,0.2830188679245283,0.4716981132075472,0.3962264150943396,0.0754716981132075,0.5702201257861635,0.2394125786163522,0.0623396226415094,0.0411471698113207,0.0868786163522012,0.1968610062893081,0.7157553459119497,0.0873817610062893,-0.1094792452830188,159.0,0.1363636363636363,0.404040404040404,0.0858585858585858,0.2222222222222222,0.1565656565656565,0.1868686868686868,0.1616161616161616,0.4696969696969697,0.696969696969697,0.3888888888888889,0.308080808080808,0.5546646464646464,0.254439898989899,0.0552464646464646,0.0447121212121212,0.0909444444444444,0.2075540404040404,0.6773227272727274,0.1151323232323232,-0.0924217171717171,198.0,0.0159319189739901,0.0156056101368307,-0.0709891178218854
2025-03-03,123.51000213623048,123.6999969482422,112.27999877929688,114.05999755859376,114.02263641357422,411381400.0,,,NVDA,-0.086935603596008,0.1764705882352941,0.3277310924369748,0.0924369747899159,0.2184873949579832,0.1092436974789916,0.2352941176470588,0.1512605042016806,0.4369747899159664,0.7563025210084033,0.4705882352941176,0.2857142857142857,0.6727949579831933,0.1669823529411764,0.0437302521008403,0.0411436974789915,0.0753697478991596,0.161263025210084,0.6841025210084033,0.1546361344537815,-0.0066268907563025,119.0,0.1761006289308176,0.2578616352201258,0.10062893081761,0.2138364779874214,0.1132075471698113,0.1635220125786163,0.0880503144654088,0.2830188679245283,0.4716981132075472,0.3962264150943396,0.0754716981132075,0.5702201257861635,0.2394125786163522,0.0623396226415094,0.0411471698113207,0.0868786163522012,0.1968610062893081,0.7157553459119497,0.0873817610062893,-0.1094792452830188,159.0,-0.0353444670313075,-0.0175198744873432,0.1604687549948877
2025-03-04,110.6500015258789,119.30999755859376,110.11000061035156,115.98999786376952,115.9520034790039,398163300.0,,,NVDA,0.0169209126022278,0.1595744680851064,0.574468085106383,0.0957446808510638,0.1808510638297872,0.2234042553191489,0.202127659574468,0.1382978723404255,0.5957446808510638,1.0957446808510638,0.4680851063829787,0.6276595744680851,0.4836872340425532,0.2862936170212766,0.0456340425531914,0.0469351063829787,0.1374595744680851,0.1523585106382978,0.5253808510638298,0.3222595744680851,0.1699010638297872,94.0,0.1764705882352941,0.3277310924369748,0.0924369747899159,0.2184873949579832,0.1092436974789916,0.2352941176470588,0.1512605042016806,0.4369747899159664,0.7563025210084033,0.4705882352941176,0.2857142857142857,0.6727949579831933,0.1669823529411764,0.0437302521008403,0.0411436974789915,0.0753697478991596,0.161263025210084,0.6841025210084033,0.1546361344537815,-0.0066268907563025,119.0,0.0055679689934735,-0.0118368934526847,0.0320456330216127
2025-03-05,117.58000183105467,118.27999877929688,114.51000213623048,117.3000030517578,117.2615737915039,284337900.0,,,NVDA,0.0112940723161987,0.1666666666666666,1.0,0.2,0.1666666666666666,0.2666666666666666,0.1,0.2333333333333333,0.9,1.4666666666666666,0.4333333333333333,1.0333333333333334,0.6019233333333334,0.1591633333333333,0.0783766666666666,0.0629566666666666,0.09758,0.1487166666666666,0.6691866666666667,0.18211,0.0333933333333333,30.0,0.1595744680851064,0.574468085106383,0.0957446808510638,0.1808510638297872,0.2234042553191489,0.202127659574468,0.1382978723404255,0.5957446808510638,1.0957446808510638,0.4680851063829787,0.6276595744680851,0.4836872340425532,0.2862936170212766,0.0456340425531914,0.0469351063829787,0.1374595744680851,0.1523585106382978,0.5253808510638298,0.3222595744680851,0.1699010638297872,94.0,0.021555394568905,0.0107478082105321,-0.0672054405922565
2025-03-06,113.52999877929688,115.3499984741211,110.22000122070312,110.56999969482422,110.53378295898438,321181900.0,,,NVDA,-0.0573742157382419,0.3170731707317073,0.5365853658536586,0.073170731707317,0.1219512195121951,0.1219512195121951,0.1463414634146341,0.073170731707317,0.5121951219512195,0.7073170731707317,0.5853658536585366,0.1219512195121951,0.5965487804878049,0.2128975609756097,0.0394487804878048,0.0410560975609756,0.1100512195121951,0.1399463414634146,0.7484268292682927,0.1116317073170731,-0.0283146341463414,41.0,0.1666666666666666,1.0,0.2,0.1666666666666666,0.2666666666666666,0.1,0.2333333333333333,0.9,1.4666666666666666,0.4333333333333333,1.0333333333333334,0.6019233333333334,0.1591633333333333,0.0783766666666666,0.0629566666666666,0.09758,0.1487166666666666,0.6691866666666667,0.18211,0.0333933333333333,30.0,-0.0415719670967502,-0.0177511028794872,0.1340629499838053
2025-03-07,111.25,113.4800033569336,107.55999755859376,112.69000244140624,112.65309143066406,341755500.0,,,NVDA,0.0191734003392076,0.2837837837837837,0.4864864864864865,0.1081081081081081,0.2162162162162162,0.2837837837837837,0.2702702702702703,0.1891891891891892,0.6486486486486487,1.0675675675675675,0.5,0.5675675675675675,0.4876405405405405,0.2487905405405405,0.0580432432432432,0.056181081081081,0.1493445945945946,0.1451229729729729,0.7232121621621621,0.1316635135135135,-0.0134594594594594,74.0,0.3170731707317073,0.5365853658536586,0.073170731707317,0.1219512195121951,0.1219512195121951,0.1463414634146341,0.073170731707317,0.5121951219512195,0.7073170731707317,0.5853658536585366,0.1219512195121951,0.5965487804878049,0.2128975609756097,0.0394487804878048,0.0410560975609756,0.1100512195121951,0.1399463414634146,0.7484268292682927,0.1116317073170731,-0.0283146341463414,41.0,0.0293376865816492,0.0056048629971032,-0.0603136288453071
2025-03-10,109.9000015258789,111.8499984741211,105.45999908447266,106.9800033569336,106.94495391845705,366487400.0,,,NVDA,-0.0506700476632749,0.2183908045977011,0.3333333333333333,0.1034482758620689,0.1839080459770115,0.1494252873563218,0.2413793103448276,0.1149425287356321,0.3218390804597701,0.5172413793103449,0.4712643678160919,0.0459770114942528,0.5857908045977012,0.2149333333333333,0.0478080459770114,0.0394057471264367,0.1120528735632183,0.1722908045977011,0.7270344827586207,0.100667816091954,-0.0716229885057471,87.0,0.2837837837837837,0.4864864864864865,0.1081081081081081,0.2162162162162162,0.2837837837837837,0.2702702702702703,0.1891891891891892,0.6486486486486487,1.0675675675675675,0.5,0.5675675675675675,0.4876405405405405,0.2487905405405405,0.0580432432432432,0.056181081081081,0.1493445945945946,0.1451229729729729,0.7232121621621621,0.1316635135135135,-0.0134594594594594,74.0,-0.0462596594444758,-0.0266355558695019,0.1921266414154501
2025-03-11,106.98999786376952,112.23999786376952,104.7699966430664,108.76000213623048,108.72437286376952,354865700.0,,,NVDA,0.0166386433404723,0.1666666666666666,0.3518518518518518,0.0,0.2037037037037037,0.2222222222222222,0.2222222222222222,0.1851851851851851,0.5740740740740741,0.8888888888888888,0.3703703703703703,0.5185185185185185,0.5900425925925926,0.2473611111111111,0.0306185185185185,0.0421111111111111,0.0898574074074074,0.1698685185185185,0.7074444444444444,0.1226796296296296,-0.0471888888888888,54.0,0.2183908045977011,0.3333333333333333,0.1034482758620689,0.1839080459770115,0.1494252873563218,0.2413793103448276,0.1149425287356321,0.3218390804597701,0.5172413793103449,0.4712643678160919,0.0459770114942528,0.5857908045977012,0.2149333333333333,0.0478080459770114,0.0394057471264367,0.1120528735632183,0.1722908045977011,0.7270344827586207,0.100667816091954,-0.0716229885057471,87.0,-0.0118299323553074,-0.0083129584352078,-0.0337401476476764
2025-03-12,114.12000274658205,116.76000213623048,112.87999725341795,115.73999786376952,115.71273040771484,323857500.0,0.01,,NVDA,0.064275905759435,0.2222222222222222,0.1851851851851851,0.1481481481481481,0.2962962962962963,0.1481481481481481,0.1851851851851851,0.1851851851851851,0.5555555555555556,0.5555555555555556,0.4074074074074074,0.1481481481481481,0.5843333333333333,0.2450148148148148,0.0428481481481481,0.0270592592592592,0.1007407407407407,0.1379703703703703,0.7196111111111111,0.1424074074074074,0.004437037037037,27.0,0.1666666666666666,0.3518518518518518,0.0,0.2037037037037037,0.2222222222222222,0.2222222222222222,0.1851851851851851,0.5740740740740741,0.8888888888888888,0.3703703703703703,0.5185185185185185,0.5900425925925926,0.2473611111111111,0.0306185185185185,0.0421111111111111,0.0898574074074074,0.1698685185185185,0.7074444444444444,0.1226796296296296,-0.0471888888888888,54.0,0.0206120624883752,0.0053065530728819,-0.0999257253504416
2025-03-13,117.02999877929688,117.76000213623048,113.79000091552734,115.58000183105467,115.55277252197266,299033100.0,,,NVDA,-0.0013823706793416,0.125,0.1875,0.0625,0.1875,0.1875,0.0625,0.0625,0.1875,0.3125,0.125,0.1875,0.5796625,0.28361875,0.05446875,0.032625,0.04960625,0.09281875,0.75243125,0.1547437499999999,0.061925,16.0,0.2222222222222222,0.1851851851851851,0.1481481481481481,0.2962962962962963,0.1481481481481481,0.1851851851851851,0.1851851851851851,0.5555555555555556,0.5555555555555556,0.4074074074074074,0.1481481481481481,0.5843333333333333,0.2450148148148148,0.0428481481481481,0.0270592592592592,0.1007407407407407,0.1379703703703703,0.7196111111111111,0.1424074074074074,0.004437037037037,27.0,-0.0049979560730977,-0.013330418660348,0.0177466080602366
2025-03-14,118.61000061035156,121.87999725341795,118.1500015258789,121.66999816894533,121.6413345336914,277593500.0,,,NVDA,0.0526907479486136,0.1875,0.625,0.0,0.0625,0.3125,0.0625,0.0625,0.6875,0.75,0.375,0.375,0.6931375,0.16515,0.0364625,0.0265625,0.07871875,0.072175,0.80416875,0.12365,0.051475,16.0,0.125,0.1875,0.0625,0.1875,0.1875,0.0625,0.0625,0.1875,0.3125,0.125,0.1875,0.5796625,0.28361875,0.05446875,0.032625,0.04960625,0.09281875,0.75243125,0.1547437499999999,0.061925,16.0,0.0308559355715336,0.0206558286805709,-0.1171938121464231
2025-03-17,122.73999786376952,122.88999938964844,118.02999877929688,119.52999877929688,119.50183868408205,255501500.0,,,NVDA,-0.0175885594959234,0.2804878048780488,0.4634146341463415,0.073170731707317,0.3292682926829268,0.2073170731707317,0.2804878048780488,0.1707317073170731,0.4146341463414634,0.7804878048780488,0.6219512195121951,0.1585365853658536,0.613669512195122,0.204530487804878,0.0473073170731707,0.0370890243902439,0.0974036585365853,0.1430890243902439,0.7591890243902439,0.0977280487804878,-0.0453609756097561,82.0,0.1875,0.625,0.0,0.0625,0.3125,0.0625,0.0625,0.6875,0.75,0.375,0.375,0.6931375,0.16515,0.0364625,0.0265625,0.07871875,0.072175,0.80416875,0.12365,0.051475,16.0,0.0165075482802323,0.0077112151096643,-0.0578778228014456
2025-03-18,118.0,119.0199966430664,114.54000091552734,115.43000030517578,115.40280151367188,299686900.0,,,NVDA,-0.0343010385074198,0.128440366972477,0.4770642201834862,0.0825688073394495,0.3119266055045872,0.1651376146788991,0.2752293577981651,0.2018348623853211,0.5596330275229358,1.0,0.4862385321100917,0.5137614678899083,0.6644761467889908,0.1664,0.0354550458715596,0.0449055045871559,0.0887587155963302,0.142388990825688,0.7011587155963303,0.1564522935779816,0.0140633027522935,109.0,0.2804878048780488,0.4634146341463415,0.073170731707317,0.3292682926829268,0.2073170731707317,0.2804878048780488,0.1707317073170731,0.4146341463414634,0.7804878048780488,0.6219512195121951,0.1585365853658536,0.613669512195122,0.204530487804878,0.0473073170731707,0.0370890243902439,0.0974036585365853,0.1430890243902439,0.7591890243902439,0.0977280487804878,-0.0453609756097561,82.0,-0.0132677051651158,-0.0108084466550893,0.0580205032071077
2025-03-19,117.2699966430664,120.4499969482422,115.68000030517578,117.5199966430664,117.49230194091795,273426200.0,,,NVDA,0.0181061499360442,0.2065217391304347,0.391304347826087,0.0434782608695652,0.1956521739130435,0.1413043478260869,0.1630434782608695,0.1195652173913043,0.4021739130434782,0.5869565217391305,0.4782608695652174,0.108695652173913,0.6411358695652174,0.2119021739130435,0.0383641304347826,0.0352260869565217,0.0733695652173913,0.1620032608695652,0.7311326086956522,0.1068597826086956,-0.0551434782608695,92.0,0.128440366972477,0.4770642201834862,0.0825688073394495,0.3119266055045872,0.1651376146788991,0.2752293577981651,0.2018348623853211,0.5596330275229358,1.0,0.4862385321100917,0.5137614678899083,0.6644761467889908,0.1664,0.0354550458715596,0.0449055045871559,0.0887587155963302,0.142388990825688,0.7011587155963303,0.1564522935779816,0.0140633027522935,109.0,0.0081401945515415,0.0108908956858035,-0.0829493585771355
2025-03-20,116.5500030517578,120.1999969482422,116.47000122070312,118.52999877929688,118.50206756591795,248829700.0,,,NVDA,0.0085943130598271,0.1627906976744186,0.313953488372093,0.0581395348837209,0.1976744186046511,0.0581395348837209,0.2674418604651162,0.1976744186046511,0.3372093023255814,0.6627906976744186,0.3488372093023256,0.313953488372093,0.6245127906976744,0.221203488372093,0.0349476744186046,0.0364976744186046,0.0828395348837209,0.1773453488372093,0.7044639534883721,0.1181953488372093,-0.05915,86.0,0.2065217391304347,0.391304347826087,0.0434782608695652,0.1956521739130435,0.1413043478260869,0.1630434782608695,0.1195652173913043,0.4021739130434782,0.5869565217391305,0.4782608695652174,0.108695652173913,0.6411358695652174,0.2119021739130435,0.0383641304347826,0.0352260869565217,0.0733695652173913,0.1620032608695652,0.7311326086956522,0.1068597826086956,-0.0551434782608695,92.0,-0.0079760281398536,-0.0028918019935593,-0.0050251448938023
2025-03-21,116.94000244140624,117.98999786376952,115.41999816894533,117.6999969482422,117.6722640991211,266498500.0,,,NVDA,-0.0070024387239933,0.1608391608391608,0.3426573426573426,0.0629370629370629,0.2097902097902098,0.1538461538461538,0.2237762237762237,0.1538461538461538,0.4895104895104895,0.6853146853146853,0.4195804195804196,0.2657342657342657,0.6197230769230769,0.1606013986013986,0.0491587412587412,0.0506951048951048,0.1198251748251748,0.1809342657342657,0.68196993006993,0.1371083916083916,-0.0438258741258741,143.0,0.1627906976744186,0.313953488372093,0.0581395348837209,0.1976744186046511,0.0581395348837209,0.2674418604651162,0.1976744186046511,0.3372093023255814,0.6627906976744186,0.3488372093023256,0.313953488372093,0.6245127906976744,0.221203488372093,0.0349476744186046,0.0364976744186046,0.0828395348837209,0.1773453488372093,0.7044639534883721,0.1181953488372093,-0.05915,86.0,-0.0104719810886553,0.0003299202880611,-0.026262554063221
2025-03-24,119.87999725341795,122.22000122070312,119.33999633789062,121.41000366210938,121.38140106201172,228452500.0,,,NVDA,0.0315209109919585,0.1504178272980501,0.3119777158774373,0.0557103064066852,0.2033426183844011,0.1002785515320334,0.2033426183844011,0.1309192200557103,0.3816155988857939,0.5515320334261838,0.3955431754874652,0.1559888579387186,0.6134136490250696,0.2162933147632312,0.0544222841225626,0.0387529247910863,0.0771217270194986,0.1791805013927576,0.7327261838440111,0.0880927576601671,-0.0910877437325905,359.0,0.1608391608391608,0.3426573426573426,0.0629370629370629,0.2097902097902098,0.1538461538461538,0.2237762237762237,0.1538461538461538,0.4895104895104895,0.6853146853146853,0.4195804195804196,0.2657342657342657,0.6197230769230769,0.1606013986013986,0.0491587412587412,0.0506951048951048,0.1198251748251748,0.1809342657342657,0.68196993006993,0.1371083916083916,-0.0438258741258741,143.0,0.0296920502079158,0.01790855519805,-0.0933610518829477
2025-03-25,120.5500030517578,121.29000091552734,118.91999816894533,120.69000244140624,120.66156768798828,167447200.0,,,NVDA,-0.0059303432628503,0.0705128205128205,0.2756410256410256,0.0384615384615384,0.141025641025641,0.0897435897435897,0.141025641025641,0.141025641025641,0.5641025641025641,0.7628205128205128,0.2628205128205128,0.5,0.6025448717948718,0.229027564102564,0.0449455128205128,0.0435448717948718,0.0799339743589743,0.1093032051282051,0.7809230769230769,0.1097679487179487,0.0004647435897435,156.0,0.1504178272980501,0.3119777158774373,0.0557103064066852,0.2033426183844011,0.1002785515320334,0.2033426183844011,0.1309192200557103,0.3816155988857939,0.5515320334261838,0.3955431754874652,0.1559888579387186,0.6134136490250696,0.2162933147632312,0.0544222841225626,0.0387529247910863,0.0771217270194986,0.1791805013927576,0.7327261838440111,0.0880927576601671,-0.0910877437325905,359.0,-0.0054067133812846,0.0024038818271738,-0.0188787146652199
2025-03-26,118.7300033569336,118.83999633789062,112.70999908447266,113.76000213623048,113.7332000732422,293463300.0,,,NVDA,-0.057419837546465,0.1214285714285714,0.35,0.0428571428571428,0.1928571428571428,0.1357142857142857,0.2071428571428571,0.1214285714285714,0.3642857142857142,0.5928571428571429,0.3928571428571428,0.2,0.5918842857142858,0.2326914285714285,0.0518478571428571,0.0299385714285714,0.0936321428571428,0.1789057142857143,0.7164342857142857,0.1046557142857142,-0.07425,140.0,0.0705128205128205,0.2756410256410256,0.0384615384615384,0.141025641025641,0.0897435897435897,0.141025641025641,0.141025641025641,0.5641025641025641,0.7628205128205128,0.2628205128205128,0.5,0.6025448717948718,0.229027564102564,0.0449455128205128,0.0435448717948718,0.0799339743589743,0.1093032051282051,0.7809230769230769,0.1097679487179487,0.0004647435897435,156.0,-0.0280130530290775,-0.0119383402635633,0.0688046840479699
2025-03-27,111.3499984741211,114.4499969482422,110.66000366210938,111.43000030517578,111.40375518798828,236902100.0,,,NVDA,-0.0204816613245191,0.0846153846153846,0.2,0.0846153846153846,0.1923076923076923,0.1615384615384615,0.1384615384615384,0.1307692307692307,0.3230769230769231,0.676923076923077,0.3153846153846154,0.3615384615384615,0.6361861538461538,0.2129207692307692,0.04764,0.0285115384615384,0.07475,0.1793476923076923,0.6835230769230769,0.1371238461538461,-0.0422238461538461,130.0,0.1214285714285714,0.35,0.0428571428571428,0.1928571428571428,0.1357142857142857,0.2071428571428571,0.1214285714285714,0.3642857142857142,0.5928571428571429,0.3928571428571428,0.2,0.5918842857142858,0.2326914285714285,0.0518478571428571,0.0299385714285714,0.0936321428571428,0.1789057142857143,0.7164342857142857,0.1046557142857142,-0.07425,140.0,-0.0197007942835354,-0.0026556435220658,0.0196399679132555
2025-03-28,111.48999786376952,112.87000274658205,109.06999969482422,109.66999816894533,109.6441650390625,229872500.0,,,NVDA,-0.015794711282008,0.1981981981981982,0.3513513513513513,0.081081081081081,0.2162162162162162,0.072072072072072,0.1801801801801801,0.09009009009009,0.2972972972972973,0.5495495495495496,0.4054054054054054,0.1441441441441441,0.6166351351351351,0.2341531531531531,0.0458225225225225,0.0269603603603603,0.0764387387387387,0.1611162162162162,0.7376504504504504,0.1012315315315315,-0.0598846846846846,111.0,0.0846153846153846,0.2,0.0846153846153846,0.1923076923076923,0.1615384615384615,0.1384615384615384,0.1307692307692307,0.3230769230769231,0.676923076923077,0.3153846153846154,0.3615384615384615,0.6361861538461538,0.2129207692307692,0.04764,0.0285115384615384,0.07475,0.1793476923076923,0.6835230769230769,0.1371238461538461,-0.0422238461538461,130.0,-0.0302221073026642,-0.0201382839353789,0.1583734082339289
2025-03-31,105.12999725341795,110.95999908447266,103.6500015258789,108.37999725341795,108.35446166992188,299212700.0,,,NVDA,-0.0117626265718849,0.1671388101983003,0.291784702549575,0.121813031161473,0.2039660056657223,0.1728045325779036,0.2124645892351274,0.1161473087818696,0.376770538243626,0.6430594900849859,0.4305949008498583,0.2124645892351274,0.5819405099150142,0.2469062322946175,0.0460062322946175,0.0349042492917847,0.0902441926345609,0.176171388101983,0.7204648725212465,0.1033626062322946,-0.0728087818696883,353.0,0.1981981981981982,0.3513513513513513,0.081081081081081,0.2162162162162162,0.072072072072072,0.1801801801801801,0.09009009009009,0.2972972972972973,0.5495495495495496,0.4054054054054054,0.1441441441441441,0.6166351351351351,0.2341531531531531,0.0458225225225225,0.0269603603603603,0.0764387387387387,0.1611162162162162,0.7376504504504504,0.1012315315315315,-0.0598846846846846,111.0,-0.0027028949543194,0.0067127716981012,0.0290993570076563
2025-04-01,108.5199966430664,110.1999969482422,106.47000122070312,110.1500015258789,110.12405395507812,222614000.0,,,NVDA,0.0163315128688186,0.2,0.4666666666666667,0.1333333333333333,0.1111111111111111,0.2222222222222222,0.1777777777777777,0.1555555555555555,0.6888888888888889,1.0888888888888888,0.4888888888888889,0.6,0.6322177777777778,0.2037844444444444,0.0436688888888888,0.0351555555555555,0.0851777777777777,0.1721177777777778,0.69784,0.1300466666666666,-0.0420711111111111,45.0,0.1671388101983003,0.291784702549575,0.121813031161473,0.2039660056657223,0.1728045325779036,0.2124645892351274,0.1161473087818696,0.376770538243626,0.6430594900849859,0.4305949008498583,0.2124645892351274,0.5819405099150142,0.2469062322946175,0.0460062322946175,0.0349042492917847,0.0902441926345609,0.176171388101983,0.7204648725212465,0.1033626062322946,-0.0728087818696883,353.0,0.0005314349658092,0.0028244687525555,-0.0228904943071894
2025-04-02,107.29000091552734,111.9800033569336,106.79000091552734,110.41999816894533,110.39398193359376,220601200.0,,,NVDA,0.0024511264235309,0.4285714285714285,0.4761904761904761,0.0952380952380952,0.2857142857142857,0.1904761904761904,0.0952380952380952,0.1904761904761904,0.2857142857142857,0.5714285714285714,0.5238095238095238,0.0476190476190476,0.5766142857142857,0.2769428571428571,0.0693523809523809,0.0207666666666666,0.0563047619047619,0.2139238095238095,0.6755,0.1105857142857142,-0.1033380952380952,21.0,0.2,0.4666666666666667,0.1333333333333333,0.1111111111111111,0.2222222222222222,0.1777777777777777,0.1555555555555555,0.6888888888888889,1.0888888888888888,0.4888888888888889,0.6,0.6322177777777778,0.2037844444444444,0.0436688888888888,0.0351555555555555,0.0851777777777777,0.1721177777777778,0.69784,0.1300466666666666,-0.0420711111111111,45.0,0.0064269312685805,0.0063283240704119,-0.0119430511444529
2025-04-03,103.51000213623048,105.62999725341795,101.5999984741211,101.8000030517578,101.7760238647461,338769400.0,,,NVDA,-0.0780654698553378,0.2692307692307692,0.3076923076923077,0.0769230769230769,0.1538461538461538,0.0769230769230769,0.1153846153846153,0.0384615384615384,0.3461538461538461,0.5,0.4615384615384615,0.0384615384615384,0.6952615384615384,0.1803461538461538,0.0327153846153846,0.0289538461538461,0.0627192307692307,0.1310192307692307,0.7790307692307692,0.0899384615384615,-0.0410807692307692,26.0,0.4285714285714285,0.4761904761904761,0.0952380952380952,0.2857142857142857,0.1904761904761904,0.0952380952380952,0.1904761904761904,0.2857142857142857,0.5714285714285714,0.5238095238095238,0.0476190476190476,0.5766142857142857,0.2769428571428571,0.0693523809523809,0.0207666666666666,0.0563047619047619,0.2139238095238095,0.6755,0.1105857142857142,-0.1033380952380952,21.0,-0.1009077534562781,-0.0492806970922774,0.395629945993925
2025-04-04,98.91000366210938,100.12999725341795,92.11000061035156,94.30999755859376,94.28778076171876,532273800.0,,,NVDA,-0.073575708881875,0.2142857142857142,0.4285714285714285,0.0,0.2857142857142857,0.2857142857142857,0.2142857142857142,0.1428571428571428,0.4285714285714285,1.0714285714285714,0.6428571428571429,0.4285714285714285,0.6681785714285714,0.1693928571428571,0.0405571428571428,0.0638214285714285,0.05805,0.0378642857142857,0.7827000000000001,0.1794571428571428,0.1415928571428571,14.0,0.2692307692307692,0.3076923076923077,0.0769230769230769,0.1538461538461538,0.0769230769230769,0.1153846153846153,0.0384615384615384,0.3461538461538461,0.5,0.4615384615384615,0.0384615384615384,0.6952615384615384,0.1803461538461538,0.0327153846153846,0.0289538461538461,0.0627192307692307,0.1310192307692307,0.7790307692307692,0.0899384615384615,-0.0410807692307692,26.0,-0.0747240583279174,-0.0585430672604805,0.5093271379872046
2025-04-07,87.45999908447266,101.75,86.62000274658203,97.63999938964844,97.6169891357422,611041300.0,,,NVDA,0.0353090119114893,0.2753623188405797,0.5217391304347826,0.1739130434782608,0.2898550724637681,0.144927536231884,0.3043478260869565,0.1014492753623188,0.4057971014492754,0.8405797101449275,0.6521739130434783,0.1884057971014492,0.6218898550724639,0.2200478260869565,0.0503246376811594,0.0380188405797101,0.0697231884057971,0.125891304347826,0.7620579710144928,0.1120521739130434,-0.0138391304347826,69.0,0.2142857142857142,0.4285714285714285,0.0,0.2857142857142857,0.2857142857142857,0.2142857142857142,0.1428571428571428,0.4285714285714285,1.0714285714285714,0.6428571428571429,0.4285714285714285,0.6681785714285714,0.1693928571428571,0.0405571428571428,0.0638214285714285,0.05805,0.0378642857142857,0.7827000000000001,0.1794571428571428,0.1415928571428571,14.0,0.0230919991653071,-0.0017811932094612,0.0368571643860009
2025-04-08,103.80999755859376,105.8499984741211,94.45999908447266,96.3000030517578,96.27731323242188,476243400.0,,,NVDA,-0.0137237986459245,0.1333333333333333,0.3,0.0333333333333333,0.0666666666666666,0.1,0.0666666666666666,0.1333333333333333,0.3333333333333333,0.8,0.2333333333333333,0.5666666666666667,0.61295,0.2263866666666666,0.0342133333333333,0.0240133333333333,0.1024366666666666,0.1388966666666666,0.7388966666666668,0.1222033333333333,-0.0166933333333333,30.0,0.2753623188405797,0.5217391304347826,0.1739130434782608,0.2898550724637681,0.144927536231884,0.3043478260869565,0.1014492753623188,0.4057971014492754,0.8405797101449275,0.6521739130434783,0.1884057971014492,0.6218898550724639,0.2200478260869565,0.0503246376811594,0.0380188405797101,0.0697231884057971,0.125891304347826,0.7620579710144928,0.1120521739130434,-0.0138391304347826,69.0,-0.0397470360097087,-0.0156627146767479,0.1138782958907558
2025-04-09,98.88999938964844,115.0999984741211,97.52999877929688,114.33000183105467,114.30306243896484,612918300.0,,,NVDA,0.1872273810033236,0.2571428571428571,0.3428571428571428,0.0857142857142857,0.2,0.1714285714285714,0.2285714285714285,0.1142857142857142,0.5428571428571428,0.7714285714285715,0.5714285714285714,0.2,0.6223657142857143,0.22618,0.0552257142857142,0.0277028571428571,0.0685371428571428,0.18808,0.6800542857142857,0.1318714285714285,-0.0562085714285714,35.0,0.1333333333333333,0.3,0.0333333333333333,0.0666666666666666,0.1,0.0666666666666666,0.1333333333333333,0.3333333333333333,0.8,0.2333333333333333,0.5666666666666667,0.61295,0.2263866666666666,0.0342133333333333,0.0240133333333333,0.1024366666666666,0.1388966666666666,0.7388966666666668,0.1222033333333333,-0.0166933333333333,30.0,0.185716038054946,0.1050192812545172,-0.3575387396234843
2025-04-10,109.37000274658205,110.86000061035156,99.1500015258789,107.56999969482422,107.5446548461914,437812400.0,,,NVDA,-0.0591270911606788,0.1666666666666666,0.3333333333333333,0.0,0.25,0.25,0.3333333333333333,0.0833333333333333,0.4166666666666667,0.6666666666666666,0.6666666666666666,0.0,0.6052583333333333,0.254125,0.0502,0.0213666666666666,0.069025,0.1529,0.7664083333333332,0.0807,-0.0722,12.0,0.2571428571428571,0.3428571428571428,0.0857142857142857,0.2,0.1714285714285714,0.2285714285714285,0.1142857142857142,0.5428571428571428,0.7714285714285715,0.5714285714285714,0.2,0.6223657142857143,0.22618,0.0552257142857142,0.0277028571428571,0.0685371428571428,0.18808,0.6800542857142857,0.1318714285714285,-0.0562085714285714,35.0,-0.0817449128855724,-0.0438189941234766,0.2111838939436969
2025-04-11,108.5,111.5500030517578,107.4800033569336,110.93000030517578,110.90386199951172,313417300.0,,,NVDA,0.0312354636139247,0.5,0.5,0.0,1.0,1.5,0.5,0.0,0.5,2.0,1.0,1.0,0.4949,0.30945,0.1429,0.019,0.0338,0.0934499999999999,0.8728,0.03375,-0.0597,2.0,0.1666666666666666,0.3333333333333333,0.0,0.25,0.25,0.3333333333333333,0.0833333333333333,0.4166666666666667,0.6666666666666666,0.6666666666666666,0.0,0.6052583333333333,0.254125,0.0502,0.0213666666666666,0.069025,0.1529,0.7664083333333332,0.0807,-0.0722,12.0,0.0216476171072714,0.0178427055150394,-0.0776031373448359
2025-04-14,114.11000061035156,114.29000091552734,109.06999969482422,110.70999908447266,110.68391418457033,264705000.0,,,NVDA,-0.0019832295375102,0.1529411764705882,0.2823529411764706,0.0588235294117647,0.2941176470588235,0.1176470588235294,0.2705882352941176,0.2352941176470588,0.4352941176470588,0.6941176470588235,0.5058823529411764,0.188235294117647,0.65664,0.1512870588235294,0.0420176470588235,0.0348929411764705,0.1151670588235294,0.1922835294117647,0.6998623529411765,0.1078588235294117,-0.0844247058823529,85.0,0.5,0.5,0.0,1.0,1.5,0.5,0.0,0.5,2.0,1.0,1.0,0.4949,0.30945,0.1429,0.019,0.0338,0.0934499999999999,0.8728,0.03375,-0.0597,2.0,0.0066179293762447,0.00970155250508,-0.177582580931044
2025-04-15,110.97000122070312,113.62000274658205,110.5,112.1999969482422,112.1735610961914,228966900.0,,,NVDA,0.0134585673319884,0.1020408163265306,0.4489795918367347,0.0612244897959183,0.0612244897959183,0.1632653061224489,0.1836734693877551,0.1632653061224489,0.6326530612244898,1.0612244897959184,0.3877551020408163,0.673469387755102,0.6190734693877551,0.2343020408163265,0.0409979591836734,0.0407285714285714,0.0649,0.1249734693877551,0.6872877551020409,0.1877326530612245,0.0627591836734693,49.0,0.1529411764705882,0.2823529411764706,0.0588235294117647,0.2941176470588235,0.1176470588235294,0.2705882352941176,0.2352941176470588,0.4352941176470588,0.6941176470588235,0.5058823529411764,0.188235294117647,0.65664,0.1512870588235294,0.0420176470588235,0.0348929411764705,0.1151670588235294,0.1922835294117647,0.6998623529411765,0.1078588235294117,-0.0844247058823529,85.0,0.0040945663727127,-0.0028009238239182,-0.0249271144587032
2025-04-16,104.5500030517578,106.79000091552734,100.4499969482422,104.48999786376952,104.46538543701172,397016900.0,,,NVDA,-0.0687165102351502,0.203125,0.484375,0.1041666666666666,0.2291666666666666,0.2291666666666666,0.25,0.1770833333333333,0.6875,1.1145833333333333,0.4583333333333333,0.65625,0.6114953125,0.2173083333333333,0.0353963541666666,0.0419677083333333,0.0938364583333333,0.1344942708333333,0.6597114583333333,0.2057989583333333,0.0713046875,192.0,0.1020408163265306,0.4489795918367347,0.0612244897959183,0.0612244897959183,0.1632653061224489,0.1836734693877551,0.1632653061224489,0.6326530612244898,1.0612244897959184,0.3877551020408163,0.673469387755102,0.6190734693877551,0.2343020408163265,0.0409979591836734,0.0407285714285714,0.0649,0.1249734693877551,0.6872877551020409,0.1877326530612245,0.0627591836734693,49.0,-0.0385962145625135,-0.0222281475540838,0.0836652881872621
2025-04-17,104.4499969482422,104.47000122070312,100.0500030517578,101.48999786376952,101.46607971191406,292517500.0,,,NVDA,-0.028711000419427,0.0725806451612903,0.3467741935483871,0.0564516129032258,0.2258064516129032,0.1370967741935483,0.1774193548387097,0.1612903225806451,0.4435483870967742,0.6451612903225806,0.4032258064516129,0.2419354838709677,0.5993266129032259,0.2200806451612903,0.0670564516129032,0.0366,0.0769346774193548,0.1992782258064516,0.6890879032258065,0.1116395161290322,-0.0876387096774193,124.0,0.203125,0.484375,0.1041666666666666,0.2291666666666666,0.2291666666666666,0.25,0.1770833333333333,0.6875,1.1145833333333333,0.4583333333333333,0.65625,0.6114953125,0.2173083333333333,0.0353963541666666,0.0419677083333333,0.0938364583333333,0.1344942708333333,0.6597114583333333,0.2057989583333333,0.0713046875,192.0,-0.0050182451618395,0.0014269268974194,-0.0916053868575261
2025-04-21,98.7699966430664,99.44000244140624,95.04000091552734,96.91000366210938,96.88717651367188,288501100.0,,,NVDA,-0.0451274279172189,0.1368653421633554,0.3267108167770419,0.0949227373068432,0.1766004415011037,0.1743929359823399,0.1743929359823399,0.1479028697571744,0.3730684326710817,0.6490066225165563,0.3443708609271523,0.304635761589404,0.5528830022075055,0.2636099337748344,0.0476011037527593,0.0359211920529801,0.0999814569536423,0.1957805739514348,0.694433995584989,0.1097830022075055,-0.0859975717439293,453.0,0.0725806451612903,0.3467741935483871,0.0564516129032258,0.2258064516129032,0.1370967741935483,0.1774193548387097,0.1612903225806451,0.4435483870967742,0.6451612903225806,0.4032258064516129,0.2419354838709677,0.5993266129032259,0.2200806451612903,0.0670564516129032,0.0366,0.0769346774193548,0.1992782258064516,0.6890879032258065,0.1116395161290322,-0.0876387096774193,124.0,-0.0174722330636694,-0.0238027023020652,0.1406408138261099
2025-04-22,98.77999877929688,99.80999755859376,97.27999877929688,98.88999938964844,98.86669921875,241004800.0,,,NVDA,0.0204312147005212,0.1651376146788991,0.3669724770642202,0.0825688073394495,0.146788990825688,0.2293577981651376,0.1192660550458715,0.1559633027522936,0.5596330275229358,0.7247706422018348,0.2568807339449541,0.4678899082568807,0.606856880733945,0.184988990825688,0.0534623853211009,0.0401266055045871,0.1145596330275229,0.1708798165137614,0.6944302752293577,0.1346926605504587,-0.0361871559633027,109.0,0.1368653421633554,0.3267108167770419,0.0949227373068432,0.1766004415011037,0.1743929359823399,0.1743929359823399,0.1479028697571744,0.3730684326710817,0.6490066225165563,0.3443708609271523,0.304635761589404,0.5528830022075055,0.2636099337748344,0.0476011037527593,0.0359211920529801,0.0999814569536423,0.1957805739514348,0.694433995584989,0.1097830022075055,-0.0859975717439293,453.0,0.0194329623701603,0.026017758916625,-0.0960969849002505
2025-04-23,104.5199966430664,104.8000030517578,102.0199966430664,102.70999908447266,102.68580627441406,247526000.0,,,NVDA,0.0386288516339965,0.1759259259259259,0.2407407407407407,0.1111111111111111,0.1944444444444444,0.1574074074074074,0.1851851851851851,0.1851851851851851,0.287037037037037,0.6759259259259259,0.4074074074074074,0.2685185185185185,0.5610379629629629,0.229687037037037,0.0464194444444444,0.04085,0.1220027777777777,0.2001037037037037,0.6840203703703703,0.1158805555555555,-0.0842231481481481,108.0,0.1651376146788991,0.3669724770642202,0.0825688073394495,0.146788990825688,0.2293577981651376,0.1192660550458715,0.1559633027522936,0.5596330275229358,0.7247706422018348,0.2568807339449541,0.4678899082568807,0.606856880733945,0.184988990825688,0.0534623853211009,0.0401266055045871,0.1145596330275229,0.1708798165137614,0.6944302752293577,0.1346926605504587,-0.0361871559633027,109.0,0.0374654824231224,0.0154953557489621,-0.0693490007539548
2025-04-24,103.4800033569336,106.54000091552734,103.11000061035156,106.43000030517578,106.40492248535156,220815000.0,,,NVDA,0.0362184058914496,0.1956521739130435,0.1956521739130435,0.108695652173913,0.2608695652173913,0.2608695652173913,0.217391304347826,0.1956521739130435,0.3043478260869565,0.5652173913043478,0.3260869565217391,0.2391304347826087,0.5910500000000001,0.2513999999999999,0.0304521739130434,0.0428891304347826,0.0842173913043478,0.1683978260869565,0.714441304347826,0.1171673913043478,-0.0512304347826087,46.0,0.1759259259259259,0.2407407407407407,0.1111111111111111,0.1944444444444444,0.1574074074074074,0.1851851851851851,0.1851851851851851,0.287037037037037,0.6759259259259259,0.4074074074074074,0.2685185185185185,0.5610379629629629,0.229687037037037,0.0464194444444444,0.04085,0.1220027777777777,0.2001037037037037,0.6840203703703703,0.1158805555555555,-0.0842231481481481,108.0,0.0575489305746383,0.0210490196010606,-0.0695958311594923
2025-04-25,106.8499984741211,111.91999816894533,105.7300033569336,111.01000213623048,110.98385620117188,251064700.0,,,NVDA,0.0430331004324604,0.09375,0.21875,0.046875,0.125,0.109375,0.0625,0.03125,0.390625,0.546875,0.171875,0.375,0.7137484375,0.1469906249999999,0.0350984375,0.0314,0.0727765625,0.135465625,0.775159375,0.089371875,-0.04609375,64.0,0.1956521739130435,0.1956521739130435,0.108695652173913,0.2608695652173913,0.2608695652173913,0.217391304347826,0.1956521739130435,0.3043478260869565,0.5652173913043478,0.3260869565217391,0.2391304347826087,0.5910500000000001,0.2513999999999999,0.0304521739130434,0.0428891304347826,0.0842173913043478,0.1683978260869565,0.714441304347826,0.1171673913043478,-0.0512304347826087,46.0,0.0097253110375379,0.0072253777163768,-0.0615791160955657
2025-04-28,109.69000244140624,110.37000274658205,106.0199966430664,108.7300033569336,108.7043914794922,207708500.0,,,NVDA,-0.020538705355019,0.1370716510903426,0.2897196261682243,0.0623052959501557,0.2367601246105919,0.0996884735202492,0.2242990654205607,0.0903426791277258,0.3800623052959501,0.5763239875389408,0.4080996884735202,0.1682242990654205,0.6288781931464175,0.2123981308411215,0.039811214953271,0.0331619937694704,0.0857529595015576,0.1813336448598131,0.7242971962616823,0.0943744548286604,-0.0869591900311526,321.0,0.09375,0.21875,0.046875,0.125,0.109375,0.0625,0.03125,0.390625,0.546875,0.171875,0.375,0.7137484375,0.1469906249999999,0.0350984375,0.0314,0.0727765625,0.135465625,0.775159375,0.089371875,-0.04609375,64.0,-0.0017857359490558,0.0003811899359578,0.0124798495989577
2025-04-29,107.66999816894533,110.1999969482422,107.44000244140624,109.0199966430664,108.99430847167967,170444300.0,,,NVDA,0.0026670218952669,0.1521739130434782,0.3804347826086957,0.0652173913043478,0.2934782608695652,0.1739130434782608,0.2608695652173913,0.1413043478260869,0.3152173913043478,0.6086956521739131,0.4130434782608695,0.1956521739130435,0.5973163043478261,0.2034836956521739,0.0400434782608695,0.037891304347826,0.1212586956521739,0.1319434782608695,0.7249608695652173,0.1431,0.0111565217391304,92.0,0.1370716510903426,0.2897196261682243,0.0623052959501557,0.2367601246105919,0.0996884735202492,0.2242990654205607,0.0903426791277258,0.3800623052959501,0.5763239875389408,0.4080996884735202,0.1682242990654205,0.6288781931464175,0.2123981308411215,0.039811214953271,0.0331619937694704,0.0857529595015576,0.1813336448598131,0.7242971962616823,0.0943744548286604,-0.0869591900311526,321.0,-0.0106786440354595,0.0062994531560474,-0.0389661851729919
2025-04-30,104.47000122070312,108.91999816894533,104.08000183105467,108.91999816894533,108.8943328857422,235044600.0,,,NVDA,-0.0009172551056961,0.1276595744680851,0.2624113475177305,0.0709219858156028,0.2340425531914893,0.0709219858156028,0.1773049645390071,0.0921985815602836,0.4326241134751773,0.5531914893617021,0.4113475177304964,0.1418439716312056,0.7079652482269503,0.150241134751773,0.0377524822695035,0.0335914893617021,0.0704531914893617,0.1455652482269503,0.743463829787234,0.1109808510638298,-0.0345843971631205,141.0,0.1521739130434782,0.3804347826086957,0.0652173913043478,0.2934782608695652,0.1739130434782608,0.2608695652173913,0.1413043478260869,0.3152173913043478,0.6086956521739131,0.4130434782608695,0.1956521739130435,0.5973163043478261,0.2034836956521739,0.0400434782608695,0.037891304347826,0.1212586956521739,0.1319434782608695,0.7249608695652173,0.1431,0.0111565217391304,92.0,0.0072872301533433,0.0003969240833687,0.0219280382694468
2025-05-01,113.08000183105467,114.94000244140624,111.3000030517578,111.61000061035156,111.58370208740234,236121500.0,,,NVDA,0.0246970538355009,0.2451612903225806,0.3225806451612903,0.0774193548387096,0.1548387096774193,0.1161290322580645,0.1741935483870967,0.0580645161290322,0.3870967741935484,0.7483870967741936,0.4064516129032258,0.3419354838709677,0.5751503225806452,0.2627296774193549,0.0594367741935483,0.0308077419354838,0.0718696774193548,0.2104748387096774,0.6964051612903226,0.0931303225806451,-0.1173445161290322,155.0,0.1276595744680851,0.2624113475177305,0.0709219858156028,0.2340425531914893,0.0709219858156028,0.1773049645390071,0.0921985815602836,0.4326241134751773,0.5531914893617021,0.4113475177304964,0.1418439716312056,0.7079652482269503,0.150241134751773,0.0377524822695035,0.0335914893617021,0.0704531914893617,0.1455652482269503,0.743463829787234,0.1109808510638298,-0.0345843971631205,141.0,-0.0013597963053701,0.0070868036030948,-0.0040485983150158
2025-05-02,114.18000030517578,115.4000015258789,113.37000274658205,114.5,114.47303009033205,190194800.0,,,NVDA,0.025893817366505,0.1489361702127659,0.3297872340425531,0.0744680851063829,0.2446808510638297,0.1276595744680851,0.2127659574468085,0.0957446808510638,0.2340425531914893,0.5638297872340425,0.425531914893617,0.1382978723404255,0.6544021276595745,0.1771404255319149,0.0375989361702127,0.0376925531914893,0.0931648936170212,0.1229478723404255,0.7640531914893617,0.1129968085106383,-0.0099510638297872,94.0,0.2451612903225806,0.3225806451612903,0.0774193548387096,0.1548387096774193,0.1161290322580645,0.1741935483870967,0.0580645161290322,0.3870967741935484,0.7483870967741936,0.4064516129032258,0.3419354838709677,0.5751503225806452,0.2627296774193549,0.0594367741935483,0.0308077419354838,0.0718696774193548,0.2104748387096774,0.6964051612903226,0.0931303225806451,-0.1173445161290322,155.0,0.0350782205180317,0.0148442413109757,-0.0780487823788901
2025-05-05,112.91000366210938,114.66999816894533,112.66000366210938,113.81999969482422,113.79318237304688,133163200.0,,,NVDA,-0.0059389335352501,0.111864406779661,0.3050847457627119,0.0779661016949152,0.2338983050847457,0.1796610169491525,0.1762711864406779,0.1186440677966101,0.4033898305084746,0.6915254237288135,0.3457627118644067,0.3457627118644067,0.6137213559322033,0.2139464406779661,0.0441264406779661,0.0362583050847457,0.0919474576271186,0.1737016949152542,0.7318515254237288,0.0944440677966101,-0.079257627118644,295.0,0.1489361702127659,0.3297872340425531,0.0744680851063829,0.2446808510638297,0.1276595744680851,0.2127659574468085,0.0957446808510638,0.2340425531914893,0.5638297872340425,0.425531914893617,0.1382978723404255,0.6544021276595745,0.1771404255319149,0.0375989361702127,0.0376925531914893,0.0931648936170212,0.1229478723404255,0.7640531914893617,0.1129968085106383,-0.0099510638297872,94.0,-0.0076830705129966,-0.0057342944663252,0.0423280013913216
2025-05-06,111.4800033569336,114.73999786376952,110.81999969482422,113.54000091552734,113.51325988769533,158525600.0,,,NVDA,-0.0024599231651144,0.1743119266055046,0.2293577981651376,0.1376146788990825,0.3669724770642202,0.110091743119266,0.2477064220183486,0.2660550458715596,0.3394495412844037,0.5596330275229358,0.4495412844036697,0.110091743119266,0.5869330275229359,0.2543192660550459,0.0506605504587156,0.0359697247706422,0.0721192660550458,0.1985110091743119,0.7003394495412845,0.1011412844036697,-0.0973697247706422,109.0,0.111864406779661,0.3050847457627119,0.0779661016949152,0.2338983050847457,0.1796610169491525,0.1762711864406779,0.1186440677966101,0.4033898305084746,0.6915254237288135,0.3457627118644067,0.3457627118644067,0.6137213559322033,0.2139464406779661,0.0441264406779661,0.0362583050847457,0.0919474576271186,0.1737016949152542,0.7318515254237288,0.0944440677966101,-0.079257627118644,295.0,-0.0095454566183569,-0.0083584303526218,0.0473773632889276
2025-05-07,113.0500030517578,117.68000030517578,112.27999877929688,117.05999755859376,117.0324249267578,206758800.0,,,NVDA,0.0310022374702669,0.1707317073170731,0.3048780487804878,0.0853658536585365,0.1829268292682926,0.0853658536585365,0.1463414634146341,0.073170731707317,0.3780487804878049,0.5975609756097561,0.4146341463414634,0.1829268292682926,0.6877414634146342,0.1547451219512195,0.0406682926829268,0.0396195121951219,0.0772280487804878,0.1541853658536585,0.7364378048780488,0.1093768292682926,-0.0448085365853658,82.0,0.1743119266055046,0.2293577981651376,0.1376146788990825,0.3669724770642202,0.110091743119266,0.2477064220183486,0.2660550458715596,0.3394495412844037,0.5596330275229358,0.4495412844036697,0.110091743119266,0.5869330275229359,0.2543192660550459,0.0506605504587156,0.0359697247706422,0.0721192660550458,0.1985110091743119,0.7003394495412845,0.1011412844036697,-0.0973697247706422,109.0,0.0175079870838512,0.0042055478497484,-0.0488691833859459
2025-05-08,118.25,118.68000030517578,115.8499984741211,117.37000274658205,117.34236145019533,198428100.0,,,NVDA,0.0026482961763074,0.1698113207547169,0.4339622641509434,0.0943396226415094,0.1981132075471698,0.2735849056603773,0.2169811320754717,0.2075471698113207,0.5849056603773585,0.7830188679245284,0.3396226415094339,0.4433962264150943,0.6514264150943395,0.1808820754716981,0.0435283018867924,0.03395,0.0902122641509434,0.1624066037735849,0.6901622641509434,0.1474264150943396,-0.0149801886792452,106.0,0.1707317073170731,0.3048780487804878,0.0853658536585365,0.1829268292682926,0.0853658536585365,0.1463414634146341,0.073170731707317,0.3780487804878049,0.5975609756097561,0.4146341463414634,0.1829268292682926,0.6877414634146342,0.1547451219512195,0.0406682926829268,0.0396195121951219,0.0772280487804878,0.1541853658536585,0.7364378048780488,0.1093768292682926,-0.0448085365853658,82.0,0.0089455773875066,0.0069677905123632,-0.045435232674673
2025-05-09,117.3499984741211,118.2300033569336,115.20999908447266,116.6500015258789,116.62252044677734,132972200.0,,,NVDA,-0.0061345365349879,0.1,0.3,0.0,0.0,0.1,0.0,0.0,0.3,0.4,0.2,0.2,0.3770799999999999,0.4000899999999999,0.08712,0.04107,0.09464,0.26526,0.68499,0.04975,-0.21551,10.0,0.1698113207547169,0.4339622641509434,0.0943396226415094,0.1981132075471698,0.2735849056603773,0.2169811320754717,0.2075471698113207,0.5849056603773585,0.7830188679245284,0.3396226415094339,0.4433962264150943,0.6514264150943395,0.1808820754716981,0.0435283018867924,0.03395,0.0902122641509434,0.1624066037735849,0.6901622641509434,0.1474264150943396,-0.0149801886792452,106.0,0.0114738844669919,-0.0012742246627532,-0.0258007088752972
